0.999999995951654 -2.67583314871479e-05 8.59109003542072e-05 0.00268258353200155 2.67595078244386e-05 0.999999999548237 -1.36914063581352e-05 -0.000124726944673472 -8.5910533956206e-05 1.36937052361179e-05 0.999999996215931 0.0189305884614117
0.999993599083622 -0.00191717128241521 0.00302096773522389 0.156589248583493 0.0019102869505859 0.999995575987269 0.00228008983540576 -0.002881535156822 -0.00302532569317794 -0.00227430432549865 0.999992837446491 0.67729151217352
0.999991076312405 -0.00403206093773084 0.00126086484258853 0.300503959331609 0.0040319539593937 0.999991867823322 8.73755846253949e-05 -0.0176638899787605 -0.00126120689269454 -8.22910559186392e-05 0.999999201292359 1.319722667997
0.999973524680903 -0.00450743540836529 -0.00571252687439779 0.452146253459114 0.00446863220968892 0.999966981345011 -0.00678730770776618 -0.026525383405502 0.00574293160553327 0.00676160083003916 0.999960648971143 1.97098635574632
0.999860401275119 -0.00508008956421501 -0.0159176208014258 0.630558299906926 0.00483939928118423 0.999873926542759 -0.015123201862153 -0.0207135843292694 0.0159924412318977 0.0150440589597923 0.999758929999357 2.63912745410001
0.999796289688991 -0.00542706296378072 -0.0194403218006801 0.789465342025432 0.00511383655846057 0.999856892760332 -0.0161258387474172 -0.0199643911592712 0.019525055692115 0.0160231391194581 0.999680964714733 3.18159678743437
0.999915687227629 -0.00450718146617945 -0.0121780027643687 0.924049923850082 0.00435129345974607 0.999908646057152 -0.0127971006630318 -0.0324205134450927 0.0122345691107294 0.0127430316402152 0.999843953056321 4.03836482523682
0.999955902137228 -0.00451447854874451 -0.00823488095580123 1.08016409477453 0.00446361570932245 0.999970913815698 -0.00618446904737604 -0.0385843985598208 0.00826256108738579 0.00614743898150995 0.999946968132933 4.73570459886377
0.999948567896775 -0.00339087418041196 -0.00955842735400139 1.24422862511726 0.00334816744080333 0.999984357621266 -0.00448043385986172 -0.0382287229079542 0.00957347042495307 0.004448200206473 0.999944279537088 5.47112127274672
0.999846355907095 -0.00742226960514132 -0.0158800029348475 1.34488084310812 0.00726626220474919 0.999924994141346 -0.00985938765848187 -0.0725739403905701 0.0159519908749348 0.0097424845566717 0.999825293729754 6.14338685634463
0.999680324548345 -0.00792411477856452 -0.0240095213590813 1.49486611643434 0.00755632501212299 0.999853311130592 -0.0153706920306899 -0.0833534778589995 0.0241277985574153 0.015184354650998 0.999593559758468 6.85959369955907
0.999438375300798 -0.00560779130758586 -0.0330376550734359 1.69054054773061 0.0051255708028077 0.999879358979086 -0.0146627422918887 -0.0491610957892359 0.0331158949757691 0.0144851704934219 0.999346545166255 7.49667604327923
0.999482951661557 -0.00250390430670082 -0.0320555736358666 1.81963476135679 0.00216097756482474 0.999940117654409 -0.0107280604608362 -0.0401660888709152 0.0320805161097184 0.0106532421595455 0.999428511159064 8.35432747154777
0.999478807047535 -0.00506497052386923 -0.0318819751023845 1.92815564522039 0.00484349603110432 0.999963628706176 -0.00702010049602429 -0.0665800274217896 0.0319163721157873 0.006862021449248 0.999466986874803 9.0612129953532
0.99935462606026 -0.00792632176196344 -0.0350357645169057 2.03920013906042 0.00764622140721174 0.999937786578045 -0.00812146979261063 -0.0914318620440973 0.0350979582048606 0.0078483371949869 0.999353059200363 9.77878153578235
0.999087801388595 -0.00741529483222629 -0.0420544708568986 2.18659467945689 0.00689285642721246 0.999897433466148 -0.0125543250748167 -0.0974306288084466 0.0421432514974392 0.0122529976071774 0.999036440978437 10.5095938880905
0.998884359338495 -0.00565519814510665 -0.0468834235403558 2.33757052898193 0.00504093270900639 0.999900039148206 -0.0132098716435586 -0.0864392997979426 0.0469534414750195 0.012958797990385 0.998813017480397 11.2365703034693
0.998592578610743 -0.00553416039472853 -0.0527468957595859 2.54473150934529 0.00484259129565134 0.999900754785932 -0.013229886169865 -0.0849506769413609 0.0528148771946928 0.0129558344868141 0.998520272753468 11.8660795392422
0.998726646207893 -0.00777039617940031 -0.0498468363845672 2.58060238224297 0.00730829808298801 0.999928679006632 -0.00944593453199601 -0.10871384087863 0.0499166799122783 0.00906961097664735 0.998712204402884 12.6940516978575
0.99851493952461 -0.0115195851447741 -0.0532467342121249 2.68417178367068 0.0109908872445387 0.999887457542325 -0.0102113979024909 -0.139576277128783 0.0533583727613784 0.00961100450720207 0.998529174660721 13.3415477014824
0.998277404596881 -0.0140351636138569 -0.0569669874018991 2.79207843748712 0.0134188405126902 0.999847379932911 -0.0111871158297454 -0.155175770127087 0.0571153060974976 0.0104034140370084 0.998313383054521 14.001545473969
0.998159201391238 -0.0142303030600321 -0.0589551282996222 2.91517335913213 0.0136035724357491 0.999846757063422 -0.0110184030940657 -0.15962452079374 0.0591028890579014 0.0101961200746966 0.998199823502505 14.7568146102348
0.998039742355044 -0.0154195787992282 -0.0606540128065035 3.02201275960361 0.0148618503226693 0.999843127239426 -0.0096356793777756 -0.17480720188323 0.0607930759615243 0.00871536010381145 0.998112340577651 15.4820035420458
0.997621710957387 -0.0180035682510113 -0.0665341518070769 3.23114513682657 0.0173914610178838 0.99980104453199 -0.00976772421836164 -0.194622859870168 0.0666967683633878 0.0085873676393711 0.997736337018406 16.1241703972028
0.997636063793074 -0.0168364379792374 -0.0666244592896063 3.28422724927478 0.0162690355183162 0.999826694032154 -0.00904988309525746 -0.181245211572151 0.0667652806686595 0.00794457405436892 0.997737080116966 16.9543210908698
0.997326598060986 -0.0148250705100648 -0.0715532954130805 3.41847780055774 0.0140976423707853 0.999843791851191 -0.0106605992429135 -0.171987086508483 0.0717001623407186 0.00962336640704171 0.997379806061518 17.7210896391544
0.997132058560323 -0.0163869509072202 -0.0738858960236384 3.52823619673216 0.015631617491319 0.999819601016197 -0.0107897154001812 -0.181904644588781 0.0740493776196441 0.00960381506361783 0.997208331498673 18.4492819663943
0.996956590057061 -0.0146494375919034 -0.076569912629161 3.65972026415873 0.0138949396728312 0.999849610674027 -0.0103772195931828 -0.174448915239223 0.0767104177624187 0.00928170314315671 0.997010211479039 19.2338035565662
0.996787925809653 -0.0136195819765308 -0.078919819734167 3.77452526200972 0.0128247458197239 0.999861895411343 -0.0105695789460156 -0.172305955631914 0.0790528737918384 0.00952350204605115 0.996824932500201 20.0114565066763
0.996326200387412 -0.0107340249924719 -0.08496401078718 3.99963746167452 0.0098195337173109 0.999889354336785 -0.0111738910653743 -0.171977249688096 0.085074550713816 0.0102985334600246 0.996321364334528 20.8623925717687
0.995943164217799 -0.0112683764472603 -0.0892761857388636 4.07345652318925 0.0101968335493605 0.999870507944017 -0.0124495754682591 -0.166249566000576 0.0894049116850069 0.0114887351791253 0.995929099248827 21.6590197547339
0.995325975199511 -0.0108051068478984 -0.0959658937287023 4.1931161862776 0.0093273524873771 0.999831127881759 -0.0158340207864335 -0.168560086266499 0.0961207760513788 0.0148649044630125 0.995258675433973 22.4174044990754
0.994817478784303 -0.0109698333661341 -0.101083364908189 4.29105715361111 0.00921353426909378 0.999798664727019 -0.0178252853088407 -0.179828700007408 0.101258553670863 0.0168015703429348 0.994718257871291 23.1683065811619
0.994269941035661 -0.00697288573844427 -0.106670817084251 4.42021715808439 0.00490016510397909 0.999794306539064 -0.0196807772718905 -0.162707542293037 0.106786107405865 0.0190453006421693 0.994099594501754 24.0037429608244
0.994091080743507 -0.00406575735313075 -0.108473004952157 4.51285486622709 0.00207497600479578 0.999827458629318 -0.0184593457472949 -0.159563533331437 0.108529340091907 0.0181251920813026 0.993927995254803 24.8400077304187
0.993650497406275 -0.00544687698011788 -0.112378914994875 4.60389359100858 0.00330713054870602 0.999809845664915 -0.0192181008175485 -0.176793502182994 0.112462224287961 0.018724423693751 0.99347956398989 25.5877294543463
0.993126503154871 -0.00493926567639318 -0.116941662319102 4.68658838636683 0.00259699717929323 0.99979312574919 -0.0201732820908166 -0.189628667794125 0.117017111300133 0.0197309239328249 0.992933878112601 26.367372221482
0.992368368428282 -0.00118781390008036 -0.123302921462263 4.88629758784884 -0.00144856268979635 0.999772304595366 -0.0212894487999333 -0.181997953054474 0.123300133856878 0.0213055875819003 0.992140690088188 27.304281914298
0.992076313613302 -0.00147181045363912 -0.125628108882647 4.95123419508397 -0.00095608722024424 0.999813982732144 -0.0192635882045559 -0.186007287172942 0.125633092235561 0.0192310610023466 0.991890363108774 28.1043618371414
0.991547362371838 -0.00172048991791637 -0.129733835555311 5.02382840821055 -0.00075247994627725 0.999819001986555 -0.0190104455639601 -0.205234129388286 0.129743061268727 0.018947379266067 0.991366599634851 28.8781659962808
0.990360603363496 0.000308279485130963 -0.138512744068015 5.11452703350156 -0.00342393334172258 0.999746443396773 -0.0222559114837778 -0.206777721213058 0.138470762206192 0.0225156363281467 0.990110546421345 29.6712893423948
0.988272067167307 0.00105481293083403 -0.152699733550977 5.18837528641305 -0.00577797226279492 0.999518353739174 -0.0304905817435716 -0.215772575630128 0.152594024435391 0.031015285073847 0.987802164301334 30.4261676170355
0.986369257145209 0.00164476478401787 -0.164538698510755 5.26065500470505 -0.00750715804787044 0.999358633595585 -0.0350137692345417 -0.226178386535347 0.164375579502711 0.0357717235644398 0.985748980550514 31.1887752253774
0.984591066434152 0.00465919970295932 -0.17481053674246 5.3855037883462 -0.0112841526022039 0.999254397672298 -0.0369231178616153 -0.244527529102338 0.174508165419585 0.0383267607645168 0.983909528163637 32.1404447868738
0.98373916235146 0.00694188485220791 -0.179468857161201 5.40273550546721 -0.0133235601633412 0.999320093973559 -0.0343777911630698 -0.276087339701066 0.179108188535931 0.036209943598085 0.983162802787006 32.9328597145256
0.982761493816675 0.00700838474133937 -0.184745037320449 5.43154536976735 -0.0132113527860542 0.999388755528305 -0.0323662707327789 -0.306094869772262 0.184405277659776 0.034249056438134 0.982253376529864 33.7257778362447
0.982034918513818 0.00713806930755507 -0.18856422456585 5.46880297028244 -0.0128233742181388 0.999498668685587 -0.0289477524067093 -0.322664578210577 0.18826306035232 0.030845733291642 0.981634127791246 34.509968826823
0.981732094902115 0.00931957121952146 -0.190040099535304 5.48975641695219 -0.0139187102464282 0.999641311341037 -0.0228805193439458 -0.345685241499523 0.189758697677287 0.0251076532686146 0.981509675144959 35.3560851774666
0.981824297102344 0.0117180048294397 -0.189430034530709 5.5094985024233 -0.0147936643084414 0.999780577551736 -0.0148305174099348 -0.358953112481747 0.189214685254125 0.017363326672457 0.98178221504112 36.1900053154563
0.980990051466584 0.0126351240182724 -0.193646256262889 5.51840192035266 -0.0152062191240922 0.999814788509626 -0.0117965917705753 -0.383924766820051 0.193461339351147 0.0145169665734406 0.981000493301592 37.0154077414475
0.979043987599898 0.0127211693561949 -0.20325118005734 5.58978052500904 -0.0158954743163786 0.999775742651797 -0.0139927946209592 -0.381174051627619 0.203027594776542 0.0169303353557454 0.979026638812241 38.0721827331203
0.976643376759633 0.0117764810836755 -0.21454376971804 5.59746938423154 -0.016448885174453 0.999664540659179 -0.0200060072275982 -0.40777269974577 0.214236198640798 0.0230677402872254 0.976509462601352 38.7836517075586
0.974721035057671 0.012268547401741 -0.223088293195215 5.62451846519196 -0.0178902759900605 0.999570850768314 -0.0231959548048597 -0.417504739828244 0.22270797435454 0.0266006962119578 0.974522221973381 39.5759567487268
0.972914865454735 0.0128934435231379 -0.230803864116941 5.63710016092403 -0.0193409764658859 0.999482730375079 -0.025694324496331 -0.435502098972078 0.23035318796696 0.0294623623644194 0.972660977934946 40.3738696815235
0.971766053663148 0.0146039272176078 -0.235494081152319 5.63307771254017 -0.0209577374435883 0.999480118375916 -0.0245003308653195 -0.453961929184744 0.235013851058183 0.0287440129607424 0.971566915621212 41.1721951211962
0.971282823407815 0.0123781445507832 -0.237605678573604 5.62252090413909 -0.0181524464444495 0.999590303843929 -0.0221294633754039 -0.483496605196797 0.23723441074394 0.0258070920229666 0.971109586174647 41.9333945438077
0.971612329614277 0.0118232195731905 -0.236283076881188 5.63051143435854 -0.016277823890574 0.99972448808784 -0.0169109540503522 -0.485485093739995 0.236018036155936 0.0202770657746576 0.971537095129499 42.9371590477339
0.972600363158219 0.0151781010699084 -0.231987410935187 5.57430012280281 -0.0177377367258984 0.999802602616476 -0.00895145223774044 -0.515650741461525 0.231805751180471 0.012821117316111 0.972677599552094 43.6530661265962
0.972671806070891 0.0184295162041336 -0.231451745742549 5.54928899824304 -0.0200558819914877 0.999787927544942 -0.00467563182185737 -0.524827263577048 0.231316491570176 0.00918982414802492 0.972835149375162 44.4440042463563
0.971864086976561 0.0195375733839011 -0.234730653455153 5.54339416902268 -0.0211399041810841 0.999767229758025 -0.00431169956972746 -0.53166056893779 0.234591774997397 0.00915256948805562 0.972050888367135 45.2063762097151
0.970842769089654 0.0214196090918098 -0.238758283736265 5.54021871540888 -0.0234684825093535 0.999708089681546 -0.00574158113956147 -0.533931978802291 0.238565605306047 0.0111774671383126 0.971062055789089 45.9572913835244
0.969324095685012 0.0212370066451138 -0.24486687622704 5.52683800004312 -0.0244603010288479 0.99964948129708 -0.0101295713658739 -0.535326383998232 0.244565924032787 0.0158083551084096 0.969503793035775 46.936933877064
0.967913663273532 0.0223299587004013 -0.250288859905611 5.51281736548179 -0.0264564218409876 0.99956368152249 -0.0131340901694214 -0.549460590164789 0.249886370560268 0.0193344129894122 0.968082115464681 47.5594643172502
0.965962809864903 0.0217582449829081 -0.257764289095996 5.50599552635525 -0.0274033361529224 0.999456431461833 -0.0183275414954799 -0.56003549252174 0.257225401400387 0.024767324943206 0.966033991373786 48.2720497657809
0.965045540314771 0.0209920651027358 -0.261240192775337 5.48741531618511 -0.0272966911211171 0.999416576252394 -0.0205279751992532 -0.570743464449804 0.260656854451233 0.026941423768341 0.965055523746133 48.967977750746
0.964635443344145 0.0232762432607019 -0.262557951591477 5.47117570948491 -0.0294665054927376 0.999372339409159 -0.0196634757332289 -0.583746183398078 0.261935462467934 0.0267047509543423 0.964715849241722 49.6835889928158
0.965262141861349 0.0232986399734481 -0.260242523167582 5.42669843733408 -0.0287280400482667 0.999441361942877 -0.0170781659657011 -0.605753723540682 0.259699243749818 0.0239611646869365 0.965392233956032 50.6061178479451
0.965691058050791 0.0238529844248634 -0.258595853668947 5.40557051343696 -0.028581181107837 0.999485726197631 -0.0145395740541007 -0.6210541859522 0.258116052362547 0.0214317115793602 0.965876174906263 51.2511224055719
0.966061833429573 0.0230519682645239 -0.257280276643631 5.38447125925506 -0.0274926664835175 0.999528451498348 -0.0136758156956574 -0.634306611337226 0.256843702045267 0.0202850044231422 0.966240048494801 51.9302355685824
0.966635066254427 0.0238800870639103 -0.255041937981031 5.3618697017524 -0.0280471714916176 0.99952574200291 -0.0127140569785081 -0.650451130850593 0.254617369514768 0.0194430582818912 0.966846400741104 52.6111263132262
0.966892008079776 0.0247289811493186 -0.25398488577625 5.32909664435633 -0.029041709157213 0.999490455892418 -0.0132441575494471 -0.664341495308503 0.253527954751909 0.0201818252713516 0.967117505832684 53.3162979057248
0.96689204576569 0.0272244781856747 -0.253729382655137 5.29126424773836 -0.0320976607035962 0.999370886796149 -0.0150854499977852 -0.684414419622036 0.253159064645918 0.022730121244652 0.967157603276636 54.2273660248972
0.966122821529086 0.0226491966266879 -0.257086965077661 5.30150705030251 -0.0288600153743292 0.999375059928728 -0.0204105145708217 -0.704792487931303 0.256464019373616 0.0271385976907037 0.966172708827005 54.7774635207133
0.966355206765054 0.0209937476317084 -0.256353031810519 5.28988059960412 -0.0274674522069102 0.999387172936089 -0.0216983326565167 -0.722001691360465 0.25574040241489 0.0280096613900971 0.966339642900716 55.4010413470828
0.967269902246862 0.0220873775923312 -0.252786637222854 5.27157026656451 -0.0281659002537488 0.999394011839997 -0.0204521676418991 -0.730875458137278 0.252181716764402 0.0269027294052157 0.967305859012706 56.0517929196939
0.968629257206659 0.0228816615062284 -0.247454625436643 5.26062769528086 -0.0280716931202471 0.999453319315762 -0.0174654674735313 -0.744193686418487 0.246919707857914 0.0238640330920968 0.968742053281441 56.6705880158568
0.970161149606244 0.0234947289752469 -0.241319998145761 5.23979082031056 -0.0276131697014771 0.999524822620553 -0.0136982416532222 -0.762854749182186 0.240883491866354 0.0199531119310332 0.970348914911817 57.3329037236889
0.970808558934296 0.0193492775113323 -0.239073937014691 5.24421942741037 -0.0232974150116629 0.999634714543481 -0.0136991946240557 -0.77397874035999 0.238721537264004 0.0188691001206434 0.970904724835011 57.8374630045783
0.971098205506293 0.0162947723775716 -0.238123404258422 5.22966934506678 -0.0207853994549552 0.999650104833178 -0.0163595561221634 -0.784252984174881 0.237773510786956 0.0208362256701974 0.971097116290573 58.6774655968309
0.970827121274172 0.00951819132298292 -0.239591537063484 5.26925086458771 -0.0146447988535385 0.999700129435409 -0.0196260305045629 -0.808646325120328 0.23933288630074 0.0225622525640887 0.97067539079457 59.1879437510288
0.970855120233737 0.0102198037245811 -0.239449141004447 5.26371431662122 -0.01575547228084 0.999650771694036 -0.0212155543110542 -0.813562993245961 0.239148699785602 0.0243698638352504 0.97067708797906 59.7612800855635
0.970578846751516 0.0106052138815908 -0.240549852789443 5.25836651012585 -0.0167983415876385 0.999577742351645 -0.0237097599121941 -0.81969278959746 0.240196831699342 0.0270530300283459 0.970347162415536 60.348075798872
0.971169541126538 0.00993124123883499 -0.238182897865328 5.2737990690488 -0.0158010528590665 0.999616364966692 -0.0227475189706847 -0.823336405063425 0.237865611462889 0.0258552381198228 0.970953890535052 60.9269987807029
0.970929237079133 0.00422724574842817 -0.239329369234774 5.32194111166419 -0.0100478835392775 0.999682532209345 -0.0231057315810088 -0.843249552340464 0.239155716263094 0.0248387839657039 0.970663473192327 61.5434175955501
0.970201174963629 0.00061574404805562 -0.242300022613416 5.4017047538361 -0.00648065203793971 0.999704969058845 -0.0234088869495461 -0.841367300074752 0.242214122726892 0.0242815917583829 0.969918926020789 62.1890724864448
0.96977211646909 -0.00123165007814702 -0.244009272686812 5.40942819360642 -0.00469059950884102 0.999708394795611 -0.0236880487045699 -0.833003465131108 0.243967293700015 0.024116558901871 0.969483548695605 62.6845863172262
0.969374763682076 0.000822522987347412 -0.245584793894604 5.35950178779475 -0.00653432031790384 0.99972674725664 -0.0224440076109594 -0.840984764543838 0.245499226463757 0.0233613842824662 0.969115253997224 63.144425040719
0.967707658029853 -0.000114841178323428 -0.252075138404962 5.36036081965891 -0.00584073339694354 0.999721206552375 -0.0228778277563562 -0.856549165585266 0.252007488824762 0.0236113527983349 0.967437196718872 63.7520534955074
0.966195128538634 -0.00137166694611365 -0.257808246799829 5.3558809834161 -0.00456562567608488 0.999737994770839 -0.0224298210819262 -0.857804916522509 0.257771465935232 0.0228486398144459 0.965935717844739 64.2609976643189
0.96475281056821 0.0065382430968634 -0.263076539961177 5.27495311114677 -0.0128013406146008 0.999673802329407 -0.0221001044055073 -0.876867548967765 0.262846229151585 0.0246888702348178 0.964521808725609 65.0833518951308
0.96239031045192 0.00386194489046236 -0.271643103593522 5.31326926101846 -0.00988391403031699 0.999734715757438 -0.0208039984819049 -0.873951354186503 0.2714906970629 0.0227064636404886 0.96217317459865 65.5507945785268
0.960115982062696 0.00655190765463147 -0.279525264500135 5.28369331265407 -0.012464654563598 0.999734478588813 -0.0193805239187368 -0.880019268267683 0.279324065154428 0.02209173661892 0.959942717977883 66.1107128259806
0.95735285738082 0.00736149561535445 -0.288827482845876 5.25849403616368 -0.0134059157754944 0.999730461298138 -0.0189548456821023 -0.881742406571327 0.288610096647709 0.022018472583653 0.957193501324619 66.6888052571258
0.953686519457519 0.0097289297314142 -0.3006449243398 5.19797744566791 -0.0167516067379053 0.999643522335527 -0.0207897071725183 -0.895829511859971 0.300335489539117 0.0248631490141876 0.953509526719265 67.168871541087
0.950130467797019 0.0120392052974879 -0.311620204254511 5.15451999647724 -0.019853238028554 0.999562690376442 -0.0219152218147788 -0.896495849090931 0.311220087885728 0.0270089900443226 0.949953983808261 67.708198397967
0.945941705180895 0.0166078485783002 -0.323911206606165 5.08425218114646 -0.0254612212721021 0.999408565324977 -0.0231137570811185 -0.90294876447275 0.32333576450927 0.0301114416903634 0.945805098563406 68.388374008837
0.941589171920623 0.0193143542689655 -0.336209439250311 5.02902715554812 -0.0293211745762858 0.999264526562472 -0.0247118326990267 -0.905309804001411 0.335484873046912 0.0331264497501711 0.94146297764896 69.172229976036
0.938087375295001 0.0207563663908123 -0.34577629989111 4.95558876620394 -0.0309710039684841 0.999231097636933 -0.0240418474430391 -0.926640437794961 0.345011410282791 0.0332623927212187 0.938008923201234 69.7929038480255
0.934063696032218 0.0211691910234129 -0.356478438486883 4.88060003863145 -0.0318887742987105 0.999197925350647 -0.0242200753237496 -0.93373992665813 0.355679796767202 0.0339907535423453 0.933989566775382 70.4777639193776
0.930177453263298 0.0227501564964741 -0.366404606712293 4.79330764804733 -0.0338224702820702 0.999143797316864 -0.0238267242241981 -0.928068336839592 0.365548828400014 0.0345557905802117 0.930150499324036 71.0326692330411
0.929410655046932 0.0241615235862027 -0.368255420955654 4.66861224508415 -0.0329745708177587 0.999300208396716 -0.017657043287716 -0.944617530704679 0.367571097836347 0.0285537086255539 0.929556977145086 71.4062345953161
0.926483762882525 0.0242468167489411 -0.375552831160385 4.5920256850961 -0.0313332353972835 0.999427380060478 -0.0127726404861264 -0.936923534054932 0.375028086247651 0.0236009292823967 0.926712971023084 72.3443594904396
0.924177528016878 0.0253654106946929 -0.381120050179603 4.42918652686892 -0.0308499959032792 0.999489670057342 -0.00828717089438741 -0.975851230679375 0.380715345713015 0.0194163690981267 0.924488415368016 72.9563756526887
0.921599659287581 0.0271831290509307 -0.387188772430213 4.2782438308401 -0.0313212312858298 0.999499770454197 -0.00438056306284534 -0.996172870889205 0.386876011755387 0.0161643545187693 0.92199005698068 73.5753277817656
0.918368756649446 0.0244721489777285 -0.394968278137071 4.13104074905788 -0.0285107667774401 0.99958398373405 -0.00435839880343913 -1.01113911713259 0.394697305524009 0.0152634657525499 0.918684420040586 74.2337158268198
0.916704818217718 0.023502319928278 -0.398873309729304 3.95938301732308 -0.0261395348058474 0.99965761552904 -0.00117321563557258 -1.03644460500625 0.39870916841296 0.0115018551887304 0.91700529243329 74.939928278125
0.917361089109742 0.0214826887334045 -0.397475944268545 3.75116004717321 -0.02116354026638 0.999762555006456 0.00519019945252027 -1.07619387735964 0.397493065034827 0.00365071112898398 0.9175979160599 75.6448094784369
0.917331155850776 0.0230384429451611 -0.39745789796171 3.53435494347987 -0.0206794536595063 0.999733910575311 0.0102209707043888 -1.19120963236546 0.397587613868721 -0.00115680268766997 0.917563486144539 75.9583463610529
0.913562636708415 0.023987982980547 -0.405990006629342 3.38779757493323 -0.0218087827681108 0.999712208882988 0.00999381831286817 -1.18734751353937 0.406112897855438 -0.000275831148085518 0.913822870206604 76.9780537626526
0.907416062899146 0.021164073692543 -0.419700096232239 3.2152094128643 -0.0220828592946798 0.999752579260886 0.00266975402939412 -1.19708774185161 0.419652756595242 0.00684560048079817 0.907658912607634 77.7001543871949
0.901924613761298 0.0179818996631632 -0.431518994223935 3.03921484728048 -0.0215182213242727 0.999762962745466 -0.00331428324785825 -1.21147016397735 0.431357111037447 0.0122747548615583 0.902097762523839 78.4185840568042
0.898885199307728 0.019060265648493 -0.437769465288427 2.85704759555782 -0.0232560628584721 0.999720613291731 -0.00422503253582874 -1.22722116178212 0.437566628076033 0.0139786134153174 0.899077329466802 79.1566843945619
0.897001323958344 0.022855648875 -0.441436568638667 2.64596819650118 -0.0266983719080778 0.99964042322878 -0.00249423023085792 -1.22906996868311 0.441220831052247 0.0140229655026773 0.89728899173236 79.9839736392256
0.894145060007038 0.0259841720580726 -0.447022856761785 2.46133616198465 -0.0306188118130968 0.999526187038668 -0.0031448031887836 -1.22018242380441 0.446729336431094 0.0164992189632873 0.89451700696266 80.8190840403039
0.890581464581674 0.0258777414431692 -0.454086993252793 2.28442177227111 -0.0321528833336361 0.999464334792047 -0.00610209570753574 -1.22745523595691 0.453685846194142 0.0200346194496134 0.89093645507781 81.5936826792585
0.886393844150384 0.0260986012698564 -0.462195646954903 2.20804946811508 -0.034190845196461 0.99937353027893 -0.009139643460241 -1.20160665757451 0.461667563466458 0.0239041835164002 0.886730878481943 82.2252900133538
0.88394562268655 0.0255772486893119 -0.466889644865651 2.12004904132977 -0.0345771276899061 0.99934456560921 -0.0107173423970607 -1.23524400861127 0.466309509203924 0.0256172507663293 0.884250642119739 82.4762962590869
0.883020974216356 0.0273500045175439 -0.468535949898071 1.83616991117008 -0.0353765231473506 0.999339278072032 -0.00833720051787212 -1.23769813639805 0.467998355450104 0.0239370958004636 0.883405090963731 83.6422848405034
0.88254613364923 0.0282121777267496 -0.469378733017069 1.65207937112768 -0.0346552908793663 0.999386353425029 -0.00509189570689866 -1.25723445379579 0.46894704689854 0.0207602893943635 0.882982263462523 84.3092456170462
0.882284364090066 0.0297698409322371 -0.469774475097421 1.45818986329434 -0.0346607113447481 0.999397580187262 -0.00176403087311434 -1.27194059631507 0.469438958727611 0.0178390943356032 0.882784702372 84.9941390636178
0.881287700584646 0.0313523972313369 -0.471538986708497 1.24195957026119 -0.0354922650027436 0.999369944581645 0.000113981817599438 -1.28925518296074 0.471245464618178 0.0166355359014425 0.881845208084769 85.689548256706
0.878636341002897 0.0317622123722242 -0.476433985074808 1.09530427433112 -0.0365654014922882 0.999330932439415 -0.000811716376932618 -1.28195724262956 0.476089436642685 0.0181342034561914 0.879209871977255 86.3457256071467
0.877072998449443 0.0317093224212872 -0.479309372183026 0.897500367181602 -0.0368027817053094 0.999321787702442 -0.00123283492244446 -1.30159081312102 0.478945206312429 0.0187212044157824 0.877645148027132 86.9892557470679
0.876814448793911 0.0311006385808998 -0.479822021864451 0.732835372481387 -0.0356623403407177 0.999363819290575 -0.000392650452414424 -1.31663346544457 0.479504556670374 0.0174558578367038 0.877365757913729 87.3264477046008
0.876366434319306 0.0304213759391255 -0.480683276892836 0.538702412608986 -0.0345006556435098 0.999404614027749 0.000349600077082204 -1.3342451359052 0.480407720128052 0.0162775104366833 0.876894215453239 88.0521160988728
0.875687627038252 0.0315822432805573 -0.481844105247209 0.353729859805762 -0.0353018898898778 0.999375786099732 0.00134711831191581 -1.3404041344585 0.481585876477206 0.0158303527096223 0.876255923523927 88.7020218553482
0.874946030437633 0.0310508099620095 -0.483223851876262 0.165033097831246 -0.034610736683607 0.999399664930824 0.00155133567415646 -1.35358569936304 0.482981925880924 0.0153673985065481 0.875495461059333 89.3251031541884
0.8727232324802 0.0305830644988987 -0.487256437263959 -0.00706433493684844 -0.0349733062425819 0.999388243026907 8.68910457596108e-05 -1.35742648015628 0.486961012135236 0.0169651367647729 0.873258928837707 89.9348815729028
0.871076787605733 0.0293913074941768 -0.49026664289778 -0.213941939326129 -0.0342446374913655 0.999413048255489 -0.000929397523434599 -1.38415609068365 0.48995156382806 0.0175985800692653 0.87157200223618 90.5441862467126
0.869692032822171 0.0287393451667288 -0.492757362283941 -0.396110192430239 -0.0334307104271029 0.999440783524849 -0.000712620217346688 -1.39978632766464 0.492461324010301 0.0170929888147919 0.870166463435243 91.1366125172766
0.868953921502634 0.026588101665478 -0.494178262527826 -0.601915740665072 -0.0309707380026879 0.999520059272422 -0.000681542091559584 -1.42229617013732 0.493922965342535 0.0158972941685026 0.869360328255987 91.6365305016085
0.867583490357123 0.027226024673766 -0.496545698642345 -0.76483868431025 -0.0311023869731973 0.999516097397789 0.000461050174354605 -1.44110126175699 0.496317971450078 0.0150437569495545 0.868010458803649 92.1536467528348
0.866023974864611 0.0272916737674795 -0.499257087583811 -0.944233937433478 -0.0310364804990779 0.999517931000131 0.000801553147535602 -1.4547947117882 0.499038286945932 0.0148010186199274 0.866453529053857 92.7158911415112
0.864519536881692 0.027844991160154 -0.501827287836318 -1.11396985903271 -0.0311455769996168 0.999513230186138 0.00180436033933556 -1.46994928309478 0.501633255858525 0.0140697956688848 0.864965963183876 93.2572459895339
0.862829064718022 0.0277568331433264 -0.504733160483515 -1.28807134144768 -0.0309094364463795 0.99951992446606 0.00212775325840508 -1.48778242045067 0.504549910134162 0.0137651301924451 0.863272789664075 93.7875168901986
0.859926151359599 0.0279637529533485 -0.50965188386646 -1.45188290157759 -0.0317752172644057 0.999494287319649 0.00122685907359094 -1.49163239401402 0.509428454030267 0.0151392911376568 0.860379830126312 94.3403987552881
0.857144771607751 0.026811679359706 -0.514377268505723 -1.60740840505021 -0.0310985852960726 0.999516283512798 0.000277462333898255 -1.50651755592142 0.514135894971436 0.0157585799701671 0.857563961847304 94.7855627327509
0.852314932289043 0.0264053372643752 -0.522361957229926 -1.71070637018414 -0.0324451075923141 0.999470598535287 -0.00241612434258329 -1.48698068436819 0.52202161946652 0.0190073887599075 0.852720439524046 95.2652743629378
0.846279433375498 0.0265572358633536 -0.532076905972195 -1.86287176073481 -0.0352736357280557 0.999358316060501 -0.00622308149112411 -1.49059834274535 0.531570212924097 0.0240347528387322 0.84667315971856 95.7679382944683
0.838406108540632 0.0244449533770654 -0.544497604600927 -2.1205204571885 -0.0374816013657172 0.999214641933793 -0.0128541395738172 -1.46806635245903 0.543755760172539 0.0311856312989621 0.838663895538415 96.6345655013733
0.831799648774249 0.0239748463211918 -0.554557978071645 -2.25885098502451 -0.0401391919539438 0.999049218281471 -0.0170148382439259 -1.46848806062868 0.553622786352151 0.0364124456066569 0.831971119833268 97.0510714252239
0.8256134357136 0.0245179990077638 -0.563703222000585 -2.43037486425007 -0.0428989800804697 0.998891342976251 -0.019384592726133 -1.47866805190093 0.562602997038978 0.0401864734924312 0.825749910730241 97.5274011734695
0.822146013219086 0.0273685681954222 -0.568618408445325 -2.62803652809833 -0.0455790872657892 0.998801650232981 -0.0178272346675292 -1.46620233040278 0.567449098820308 0.0405736979680938 0.822408229093809 98.1147547365983
0.819059587434754 0.0317732219689091 -0.572827945020951 -2.80321995757248 -0.0484075906124241 0.998732069853528 -0.0138187487562411 -1.4465555243334 0.571662573029152 0.0390475993090817 0.819559142213597 98.6988923992198
0.816486924241128 0.0372203094481441 -0.576162955341496 -3.0023058056054 -0.0514403300289159 0.998640875660385 -0.00838414615661955 -1.43104556456979 0.575067817730899 0.0364835582810085 0.817291841991205 99.3036642590372
0.814268012963801 0.0426514281266392 -0.578920079754314 -3.25787776300802 -0.0546519853329401 0.998499990399235 -0.00330600542898653 -1.41987645944795 0.577910688223666 0.0343311061791857 0.815377588351165 99.9717167031777
0.81191758650346 0.0442547190679704 -0.582092219984609 -3.46881079757605 -0.0541369215444101 0.998533439902134 0.00040388476895389 -1.41738652662852 0.581256420568487 0.0311847596980838 0.813122674822491 100.463647589848
0.80159863672436 0.0458682889394094 -0.596100432537521 -3.60791754325627 -0.0584058127344189 0.998291433608825 -0.0017247092705589 -1.36313727083526 0.595002845909564 0.0361982548337184 0.802908026928684 101.364338127187
0.796012957869834 0.047609490015687 -0.603404265284697 -3.85320305316513 -0.0617075832429159 0.998090742552504 -0.00265401607185151 -1.37592224059755 0.602125854845677 0.0393472501127745 0.797431030770013 101.831097836535
0.789060555868146 0.0483290823283387 -0.612411413164674 -4.0547534647463 -0.0641136841853127 0.997935158960195 -0.00385409020071913 -1.38091915613937 0.610960616302915 0.0423050624912664 0.790529826770864 102.383244594103
0.782689429463696 0.0498982289462326 -0.62040907774937 -4.2775899658526 -0.0666891063035637 0.997766241345241 -0.00388467916597255 -1.3831659088501 0.61882939499205 0.0444150242577882 0.784268758471198 102.938853847078
0.777289858735096 0.052226739746993 -0.626971166133638 -4.53962783483452 -0.0689180620045702 0.997619580186663 -0.00233964905908126 -1.3877573008964 0.625356519304875 0.0450282231892987 0.779038948242837 103.555355528516
0.770357936598733 0.0561356443504883 -0.635135764189593 -4.7648900830149 -0.0730381120001621 0.997329053096893 -0.000440504604259854 -1.37597362968119 0.633414622277379 0.0467284632981879 0.772400392932963 104.185958624891
0.76642242336277 0.0553729212360355 -0.639945707510041 -5.1792940444311 -0.0710598448506138 0.997471326290046 0.00120485641613681 -1.36391809606125 0.638394210043094 0.0445510137142201 0.768419182322051 105.056908402344
0.759794452740137 0.0567584001953358 -0.647681151179021 -5.3626739860075 -0.070968888508317 0.99746986336189 0.00415795006049857 -1.3707992446446 0.646278427962136 0.042806024016225 0.7619001495332 105.504838115536
0.753309442552972 0.0573574530581667 -0.655160290569575 -5.65837735537514 -0.0712659869598884 0.997442832236681 0.00538103357182168 -1.38243302607951 0.653793578175224 0.0426370613240202 0.755470739432368 106.142510574336
0.744979105668602 0.0596155181157824 -0.664418634685239 -5.95079722632585 -0.0744223901950286 0.997208581669618 0.00602930196023845 -1.36790928280286 0.662923404289567 0.0449559189012486 0.747336286688179 106.788926958517
0.735726495474341 0.0584622284093195 -0.674750836758622 -6.20883635869796 -0.0741933157776799 0.997228685630082 0.00550458449038798 -1.35994156318618 0.673202700344375 0.0460121332467307 0.738025072638543 107.450798570236
0.731013351234658 0.0592800987209576 -0.679783311219324 -6.80053729121904 -0.0752459861539177 0.997146716085328 0.00603888797464224 -1.34984632913382 0.678201682307261 0.0467364578875997 0.73338815208573 108.501274902679
0.725284564664179 0.0603709685103868 -0.685797088373092 -7.0129853448335 -0.0755129521596233 0.997113404436092 0.00791534901347281 -1.36516982117037 0.684295326826094 0.0460456822621245 0.727749751514204 108.952809125802
0.722036836263376 0.0597812043082333 -0.689267012622998 -7.40045405650386 -0.0745897707619977 0.997179335972928 0.00835092846709479 -1.36636130153371 0.6878220505163 0.0453825904951135 0.724459279258334 109.645697726931
0.718316839203157 0.0582506179242448 -0.693273239082996 -7.76951623116484 -0.0728184015628082 0.997310280624803 0.00834772747009398 -1.36823241674788 0.691894788902925 0.0444867359054471 0.720626485370511 110.337606742548
0.715339261512024 0.0556452355226618 -0.696558216305758 -8.21644219184969 -0.0702803629068242 0.997499001151228 0.00751087824340415 -1.36051395020874 0.695234069597511 0.0435815381317554 0.71746096618907 111.074415751969
0.710884847602186 0.0523113387403369 -0.701360290641558 -8.56788891440543 -0.0663842386740926 0.997768634436002 0.00713337166960098 -1.33815806749946 0.700168455662834 0.0414882630982461 0.712771252029578 111.864983208985
0.710257401011311 0.0522417015189292 -0.702000875306481 -9.01158822523695 -0.0648583371059233 0.997857097529327 0.0086376511970249 -1.33708830240633 0.700947801492032 0.0393956537292398 0.712123698559972 112.511030271256
0.709513841522908 0.0504659019288583 -0.702882139074477 -9.65043377870108 -0.0612375212523385 0.998074667604968 0.00984499243792781 -1.34443673254777 0.70202569374509 0.0360576015250643 0.711238198280987 113.653473878261
0.704910642117994 0.051217833585957 -0.707444499697014 -9.98792480701147 -0.0615780107998859 0.998042762409119 0.0108992196373639 -1.33516529759016 0.706618097146348 0.0358800491295033 0.706684856820732 114.283272804872
0.699929532336496 0.050497742493122 -0.7124244716223 -10.4089862985469 -0.0626316168212979 0.997994251504062 0.00920622285183893 -1.32054986059544 0.71146042078078 0.0381765892654903 0.701688404987919 115.025427897033
0.695483022245384 0.0523362916234699 -0.716633991900698 -10.8884454254508 -0.0657157748223364 0.99779694492106 0.00909360465929907 -1.31920190124085 0.715531133290458 0.0407697103902243 0.697390154796274 115.781948067817
0.691971808062708 0.0559196207148 -0.7197555229837 -11.3439595975055 -0.0695891235972289 0.997519452935207 0.0105969284613194 -1.30376288066625 0.718562711754094 0.0427543803014105 0.694146736822731 116.550460379119
0.692667409005805 0.0578722075333589 -0.718931615730175 -11.9124660902659 -0.0680926196828682 0.99757074715949 0.0146969233644573 -1.31694839828701 0.71803569245958 0.0387738572606892 0.694925414952727 117.335619554825
0.697316671573936 0.0652083916029119 -0.713790813340722 -12.5762035031341 -0.0704535215181971 0.997266263030217 0.022277834890997 -1.29851122210453 0.713292198787238 0.0347543707511282 0.700004552030171 118.331790717374
0.696829445644348 0.0690720020904846 -0.713903202269189 -12.99609111438 -0.0701789301052124 0.997142058539799 0.0279755761388387 -1.28369030662851 0.713795237762398 0.0306067577215285 0.699685347087887 119.015976926564
0.694671213478142 0.0702466320743939 -0.715889178467597 -13.4854905577248 -0.0689696135205044 0.997139516624019 0.030918874456378 -1.269728744283 0.716013336171638 0.0278961479244312 0.697529001085503 119.778614145205
0.689603844348179 0.0666009063375517 -0.721117783122306 -13.9583455990788 -0.0657782725635483 0.9974064974646 0.0292146825064871 -1.26277748809124 0.721193286656752 0.0272873247207557 0.692196247599491 120.509746202919
0.68280968670768 0.0583076318027509 -0.728265852427336 -14.370567243511 -0.0597896190409159 0.997926280090016 0.02383990269791 -1.28988447337683 0.728145681298119 0.0272646213848367 0.684879921758289 121.064613238183
0.669963664598942 0.0479609757656704 -0.740843055525771 -14.740275822512 -0.0547782204756162 0.998384417368479 0.0150964140552585 -1.29494988259775 0.740370201101233 0.0304680153506559 0.671508499843383 121.687241530146
0.663368936662817 0.042191402776908 -0.747102094363655 -15.2338247596529 -0.0496819421586947 0.99868952471209 0.0122856767693412 -1.35032787405263 0.746641385468408 0.0289675467041538 0.664595758896909 122.401334154885
0.659910041778675 0.0450350453619777 -0.749993720939657 -15.7984029986655 -0.0495790828861657 0.99863650794454 0.0163413445132528 -1.34667657806859 0.749707043650941 0.0264001835141107 0.661243055926176 123.22802857668
0.656349982957781 0.0453172840980696 -0.753094312575321 -16.3419466971617 -0.0468807388428214 0.998715200517635 0.019239141887604 -1.36361690436378 0.752998603051075 0.0226780073418065 0.657631212600295 123.951428720835
