0.999999999163555 8.8125208253903e-06 -3.99403284100555e-05 0.000455316140054272 -8.81226888397422e-06 0.999999999941276 6.30811712316651e-06 -0.000216808226676025 3.99403839981236e-05 -6.30776515297685e-06 0.999999999182489 0.00500053189237708
0.999999806997456 -0.000618652888864484 -5.72158440385935e-05 -0.00769258756814851 0.000618743951914602 0.999998519780387 0.00160548838604725 -0.0210049000313382 5.62225193185124e-05 -0.00160552347814136 0.999998709565862 1.35859369529844
0.999998621603006 -0.00156675651044699 -0.000549605427116451 -0.0135614818090032 0.00156763621659382 0.999997485085097 0.0016038516680989 -0.0427345256695183 0.000547091199862787 -0.00160471103872696 0.999998562795818 2.71186803873257
0.999995640742164 -0.00289053238935608 -0.000602759632821372 -0.0194614424618378 0.00289088955823739 0.999995645823922 0.000592529120883339 -0.0611203214103373 0.000601044283684248 -0.000594269049424776 0.999999642794969 3.99961563379926
0.999995127824881 -0.0030841166916317 -0.000482235141205303 -0.0235363879514069 0.00308433274390633 0.999995143116601 0.000447922687664217 -0.0845846698782001 0.000480851353207866 -0.000449407878942725 0.999999783407244 5.36085501383117
0.999993584683113 -0.0035448806223716 -0.000514212010668148 -0.0312197643765759 0.003545536170374 0.999992895873678 0.0012795997184291 -0.105247918788816 0.000509672329394817 -0.00128141466667448 0.999999049104832 6.70386741688482
0.999987288585353 -0.00502954400531507 -0.000355464220070621 -0.0369379233789237 0.00503042738196618 0.999984147986528 0.00252954067208726 -0.127225271798916 0.000342736149123518 -0.00253129665499286 0.999996737529266 8.01953817837403
0.999988925903058 -0.0046718286885994 -0.000567527931977392 -0.0397620672916651 0.00467360148208929 0.99998407437059 0.00316361413281224 -0.143163856063717 0.000552739030472537 -0.00316623149802666 0.999994834715492 9.38028389458147
0.999992150299788 -0.00378472940196378 -0.00117267308322228 -0.049366721794786 0.0037863104335335 0.999991922054473 0.00134895481825615 -0.164576052998759 0.00116755818147042 -0.00135338433369535 0.999998402578093 10.7562475206434
0.999998782751613 -0.000934058346184141 -0.00124981210551888 -0.0619736258470191 0.000933013306375837 0.999999214893815 -0.000836479481712285 -0.186532944470382 0.00125059244492497 0.000835312372184066 0.999998869135249 12.1049038602053
0.999996323318813 0.00249879435379538 -0.00105326902198224 -0.0772961867376693 -0.00250057678096863 0.999995438094293 -0.00169437491906053 -0.210022945002111 0.00104903032258731 0.00169700246944462 0.99999800985702 13.4585697869613
0.999987657468479 0.00487368920302578 -0.000965434750047543 -0.0903334196105422 -0.00487536034216749 0.999986608064641 -0.00173624678798023 -0.237661243884654 0.00095695989378341 0.00174093220059285 0.99999802668947 14.8340664155239
0.999982678499888 0.00586088050181724 -0.000541091428377232 -0.100284014761697 -0.00586135621069615 0.999982433306447 -0.000881806037488529 -0.258658557391026 0.000535913763378424 0.000884962292889425 0.999999464818946 16.1920805816367
0.999993580499356 0.00355633099585407 -0.000437572765717076 -0.106444218445161 -0.00355555684625873 0.999992134699228 0.00175742857444439 -0.280401550629306 0.000443819321787961 -0.00175586147778764 0.999998359986095 17.5802875785083
0.999999771411055 -0.000554951134903952 -0.000386273317455053 -0.106842554251517 0.000556342172102395 0.999993327616123 0.00361043025432559 -0.303113759260864 0.000384267127724068 -0.00361064432915761 0.999993407771423 18.955577125652
0.99999602757198 -0.00272785217504419 -0.00070969202524546 -0.10928321917688 0.00272875229629336 0.999995469904482 0.00127046504108006 -0.323855846109011 0.000706223169447169 -0.00127239656799268 0.999998941127344 20.3291216633498
0.999991054804856 -0.00420928506269577 -0.000415005461530187 -0.118797759471109 0.00420902836882606 0.999990951360502 -0.000617476564824987 -0.343781309711931 0.000417600841176259 0.000615724271615819 0.999999723246541 21.7158050240024
0.999998389151982 -0.00179413772240574 -5.25668481311846e-05 -0.122028316009176 0.00179400417044765 0.999995416074542 -0.00243913487544327 -0.366784874952451 5.69427510587394e-05 0.00243903664122292 0.999997023924464 23.1105834173275
0.999999352807501 0.000865088003778787 0.000738923084694148 -0.13325502054523 -0.000864807619873279 0.999999553973575 -0.000379684646771928 -0.389945832777666 -0.000739251215748068 0.000379045374728729 0.999999654916062 24.5043055805183
0.999997686765083 0.00151683420534537 0.00152501753304344 -0.142289706407665 -0.00152185970163447 0.999993398179025 0.00329962746587579 -0.40968856498117 -0.00152000247734557 -0.00330194069579015 0.999993393368231 25.8883382594202
0.999997605994921 -0.000819467164745925 0.00202891054305984 -0.140426805334379 0.000808949063387901 0.999986259005459 0.00517951751411558 -0.425579745967343 -0.00203312710834319 -0.00517786382904084 0.999984527940472 27.283244949853
0.999987727642378 -0.0046722754772208 0.00164754559835612 -0.139222636319975 0.00466688642599355 0.999983796904275 0.00325976992988402 -0.443150053821982 -0.00166274944612186 -0.00325204101663251 0.999993329724506 28.6616257618614
0.999986419592792 -0.00495330905471738 0.00162029608330922 -0.139826861130484 0.00495163055353349 0.999987201563171 0.00103829895502035 -0.464968342916014 -0.00162541836166756 -0.00103026174690585 0.999998148286227 30.0660085938387
0.999986182577761 -0.00468068934557935 0.00239286456116619 -0.154895449652555 0.00468431207883433 0.999987887554423 -0.00151061735407503 -0.4874296256405 -0.00238576484716995 0.00152180540560409 0.999995996109185 31.4889200307225
0.999993843376899 -0.00197068106224741 0.00290338155402358 -0.160500926807352 0.00197664058326573 0.999995942775913 -0.00205117617891497 -0.514235653890731 -0.00289932756030288 0.00205690249240471 0.999993681505956 32.9147436347107
0.999994586411679 -0.000854578613689128 0.00317755294644797 -0.160782178132433 0.000868507057945008 0.999990010465888 -0.00438459392911174 -0.538273034158261 -0.00317377422397289 0.00438732991988623 0.999985339139204 34.3120844942881
0.999994764768116 0.000140538778116749 0.00323275195641383 -0.16571686244079 -0.000128248552926104 0.999992765374689 -0.00380167733926309 -0.565536356842539 -0.00323326285175276 0.0038012428408403 0.999987548204575 35.708106666634
0.999995160023442 2.57448243428896e-05 0.00311115202038998 -0.172410615000775 -1.79745201723647e-05 0.999996880912935 -0.00249756707981712 -0.595060630005119 -0.00311120661586171 0.00249749907018625 0.999992041414224 37.1763985667471
0.999995307211202 0.00132294137076908 0.00276321944539221 -0.175345110698545 -0.00131985554777723 0.999998503720836 -0.00111827430525894 -0.616822562004524 -0.00276469472218682 0.00111462200691908 0.999995557030567 38.5860718453098
0.999986869321452 0.00427667372771037 0.00282333960211918 -0.186583536515293 -0.00427417006756395 0.999990467668951 -0.000892211559667129 -0.641255440734117 -0.00282712838684822 0.000880132410705996 0.999995616346404 40.013374349121
0.999973170718469 0.00664998783043259 0.00307172673033582 -0.196962666867158 -0.0066461803078161 0.999977135021338 -0.00124808727005886 -0.667747176066346 -0.00307995626052689 0.00122763853506796 0.999994503371424 41.43855519739
0.999958536144379 0.00861329434065764 0.00295586748546083 -0.205069422860013 -0.00861182740839282 0.999962788160723 -0.000508647737379178 -0.697428279485075 -0.00296013862487279 0.000483171226255965 0.999995502052328 42.8918539016517
0.999948079689228 0.00983891002288 0.00265212657803987 -0.21163067150106 -0.00983707684250824 0.999951367410626 -0.000703372457003837 -0.71716190622154 -0.00265891801657406 0.000677246764743045 0.999996235738816 44.3104255476473
0.999958093102734 0.00887877437154822 0.00223145782034255 -0.219939697703276 -0.00887705092651066 0.999960293166263 -0.000781061898244621 -0.740924373965858 -0.00223830408858261 0.000761220401652352 0.999997205265248 45.7054143040693
0.999964985956768 0.00819979898130751 0.00167037634903854 -0.228210132050054 -0.00819776777132154 0.999965654416665 -0.00121925822468181 -0.766317492131246 -0.00168031665133714 0.0012055221761215 0.999997861623831 47.1037394642349
0.99997547174527 0.0069719365683789 0.000669334230484435 -0.228399416573754 -0.00697146126916103 0.999975447130572 -0.000709833631492896 -0.797986952409349 -0.000674266711461341 0.00070514998284882 0.999999524063839 48.6483194364743
0.999969942497446 0.00774403100697788 -0.000379585851342145 -0.240126387424061 -0.00774401597515857 0.999970013815972 4.10543762675569e-05 -0.813541867507732 0.00037989239537374 -3.81136233787996e-05 0.999999927114557 50.0507110921546
0.999966371622126 0.00807915887868612 -0.00140812524089541 -0.250728275320308 -0.0080795843483516 0.999967315600782 -0.000296727018271303 -0.836880134863779 0.00140568191244367 0.000308094106479864 0.999998964567655 51.4761961894375
0.999963094835997 0.0082593852746693 -0.0023646396977747 -0.259307342500582 -0.0082584319114307 0.99996581342448 0.00041265564693874 -0.871983644907592 0.00236796714081493 -0.000393112201875275 0.999997119093059 53.0004960772524
0.999958808058707 0.00838803717481389 -0.00346742240910424 -0.27343441629902 -0.00838420532990834 0.999964226767688 0.00111816183301244 -0.891086913135254 0.00347667755121965 -0.00108904419231241 0.999993363325953 54.4297662414216
0.99996642334154 0.00699870685435142 -0.00426266253592289 -0.286383415686369 -0.00699012340230146 0.999973517984557 0.00202521712668617 -0.914290950156825 0.00427672355301387 -0.00199535258951393 0.999988864039843 55.8698992088409
0.999975295459198 0.00525705170427585 -0.00466603457648869 -0.302184003135571 -0.00524570013166693 0.999983260169807 0.00244172281243226 -0.944111444196843 0.00467879273093467 -0.00241718587259916 0.999986132959372 57.3914174569812
0.999981873538849 0.00287090464027694 -0.00529249471226063 -0.304748405504202 -0.00286240588898055 0.999994602920598 0.00161268788147622 -0.961686113045657 0.00529709602136868 -0.00159750938112022 0.999984694251626 58.8173250983724
0.999984119999875 0.00189711453467177 -0.00530666604537351 -0.3224297962601 -0.00188694718847084 0.999996375916325 0.00192030844480689 -0.985149704706029 0.00531028985863342 -0.00191026455173408 0.999984075728689 60.2369821854977
0.999988609462585 0.00054534459501283 -0.00474168159612492 -0.339211470914114 -0.000532093552307767 0.999995951300118 0.0027953997608809 -1.01570886439655 0.0047431868546297 -0.00279284490157094 0.999984850983163 61.7639624711897
0.999990100078724 -0.000640160971495216 -0.00440340078497368 -0.346205844345895 0.000654760226909731 0.999994291652604 0.00331480787550332 -1.03471149810024 0.00440125363820237 -0.00331765823086345 0.999984810939784 63.1830724793295
0.999989797735685 -0.00235267585675239 -0.00385607842972693 -0.358965352801229 0.00236418187042296 0.999992759053876 0.00298202681063868 -1.06126358394313 0.00384903476558919 -0.00299111285792746 0.999988119017043 64.608700996651
0.999985822151419 -0.00410679480024683 -0.00338965081076552 -0.365455437668178 0.00411482771533079 0.999988734407654 0.00236627357905649 -1.08895352842212 0.00337989482431086 -0.00238018785948942 0.999991455471861 66.0968361371181
0.999990344754687 -0.0033600137308445 -0.00283208494427816 -0.375895204314951 0.00336531435393202 0.999992590815178 0.0018689499851709 -1.11172973708518 0.00282578426322494 -0.00187846279611484 0.99999424314384 67.5258562199529
0.999996571786535 -0.0017700812468218 -0.00192956667605112 -0.392724469676421 0.00177331694581054 0.999997022367449 0.0016764853847215 -1.13849782750398 0.00192659341517051 -0.00167990137065644 0.999996733079262 68.9551362410496
0.999997874059463 0.00159800097421817 -0.00130317667312221 -0.413443752678485 -0.00159409095958013 0.999994241678041 0.00299591134268531 -1.16489402346105 0.00130795663825564 -0.00299382759140258 0.999994663108651 70.447362363765
0.999987213786273 0.00501725253117253 -0.000632013453853299 -0.418296984444307 -0.00501453343280854 0.999978468692772 0.00423280111872906 -1.1845058776568 0.000653236877904345 -0.00422957774463495 0.999990841934907 71.8647219044803
0.999956590541858 0.0093154769962707 0.000197282120736336 -0.437836808254373 -0.00931629341681094 0.999945801800804 0.00464759485323235 -1.20792490799896 -0.000153976865457386 -0.00464923104178077 0.999989180412391 73.3135284620607
0.999913091029395 0.0131592422133146 0.000802952310063767 -0.457635090320661 -0.0131627141696303 0.999903314405219 0.00448383732391642 -1.23049583221031 -0.000743870774751571 -0.00449401666997945 0.999989625181402 74.7646850816469
0.999858270700934 0.016776452645548 0.0014103714293119 -0.468031276319401 -0.0167814873484114 0.999852565625776 0.00363712715323018 -1.25259444446043 -0.00134914540063079 -0.00366027979604569 0.999992391050303 76.1897405603931
0.999825185670028 0.0185717304651904 0.00216539313348031 -0.481054551365523 -0.0185793606051356 0.999821056299951 0.00355847421712472 -1.27705527400756 -0.00209891862599318 -0.00359808376471755 0.999991324129276 77.6101509221219
0.999826105765961 0.0184691075006941 0.00257881697708914 -0.488986595019527 -0.0184796098211199 0.999820790336519 0.00410989436814831 -1.29879499651187 -0.00250244874726467 -0.00415683521275187 0.999988229166364 79.038367596243
0.999836318865006 0.0178954180236452 0.00266261004147257 -0.489807077177341 -0.0179047598749497 0.999833475826823 0.00352706533441548 -1.31953636819366 -0.00259904834398085 -0.00357416141379154 0.99999023511127 80.461002997878
0.999858879211107 0.0165931599165977 0.00262463458231873 -0.500311346291939 -0.0166004539621823 0.999858332287757 0.00278213640820036 -1.34817739106 -0.00257809832201092 -0.00282531391646697 0.999992685478407 81.8533603391185
0.999869080689492 0.0160360700399978 0.00216007842966721 -0.502892341408019 -0.0160420709416849 0.999867425081605 0.00279002160960206 -1.37065720579195 -0.00211505107550099 -0.00282430847330496 0.999993774900922 83.2938354421255
0.999865738211128 0.0162773276527325 0.00188524693361985 -0.504229317417027 -0.0162824416237856 0.999863705827606 0.0027298101500726 -1.39211955086567 -0.00184055597120679 -0.00276014006402165 0.99999449697513 84.7176782256774
0.999868990968378 0.0161200320927121 0.00146474066208641 -0.515077029063257 -0.0161234566020176 0.999867230460617 0.00235703165402729 -1.41940334422063 -0.00142655076323693 -0.00238033954409116 0.999996149460874 86.1104288313395
0.99986810481075 0.0162266245563166 0.000685301151627284 -0.525412991170753 -0.016228385317885 0.99986480712872 0.00264706921367044 -1.44329384349819 -0.000642255505492089 -0.00265784140912295 0.999996261686467 87.5433536867244
0.999885904450053 0.0151005614767839 -0.00038874822985064 -0.531594868248722 -0.015098964203985 0.999878678065238 0.00382758807586844 -1.46559222268981 0.000446499795210716 -0.00382128166949507 0.999992599194782 88.9210977962941
0.999908127938151 0.0134803644875095 -0.00141966774498677 -0.541292917588107 -0.0134739689340637 0.999899443587534 0.00442208938222138 -1.4792142825239 0.00147913636496013 -0.00440255455665951 0.999989214776334 90.3512851826989
0.999932836905965 0.011288966422019 -0.00262314969270697 -0.550261319542175 -0.0112759344937385 0.999924267231191 0.00493083192357227 -1.50308872356943 0.00267861503033556 -0.00490092228954188 0.99998440286948 91.7530352591146
0.999951115656812 0.00934050979184012 -0.00324363584954601 -0.56515237226454 -0.00932452049147754 0.999944470764259 0.00491006166872729 -1.52145539176195 0.00328931821202155 -0.00487957629464162 0.999982684910536 93.1424478470908
0.999963456222394 0.00761036020510161 -0.00389469348136005 -0.571740059513642 -0.00759178321481583 0.999959840516796 0.00476258136337484 -1.55173756842097 0.00393078203216398 -0.00473283965206202 0.999981074411633 94.5461740057505
0.99996647268738 0.00706642043554006 -0.00413753590780652 -0.580214242396027 -0.00704966969221035 0.999966952656319 0.00404916688529951 -1.56539978808404 0.00416601228886058 -0.0040198628661258 0.999983242381664 95.9244905424577
0.999962296968194 0.00761344493388292 -0.00417613437657762 -0.596600839132982 -0.00759923608522402 0.999965318744759 0.00340777326312264 -1.58482480967493 0.00420193443708133 -0.00337590934868768 0.999985473386017 97.297624068901
0.999964943785658 0.00728615846449969 -0.0041259053037172 -0.607439179379031 -0.00727410144844794 0.999969251456613 0.00292977634283297 -1.60836408584901 0.00414712525283838 -0.00289966138221959 0.999987196576039 98.6721719875471
0.999961680394382 0.00779750015307484 -0.00397953944655496 -0.62657324483045 -0.00778744314937678 0.999966460520165 0.00253644711523419 -1.64374160303756 0.00399918392164124 -0.00250535948238031 0.999988864788916 100.098177755582
0.999947462502156 0.00953853765951531 -0.00375346970365711 -0.634743388911579 -0.00952923800197304 0.999951501186875 0.00248774942787468 -1.65276244390758 0.0037770171564366 -0.00245185102160514 0.999989861232587 101.436080110472
0.999941342489438 0.0102622030040347 -0.003463924064362 -0.649119674623004 -0.0102485393436931 0.999939721960295 0.00393952881549817 -1.67552679319935 0.0035041435102546 -0.00390379757048788 0.999986240576733 102.787907201128
0.999928855118697 0.0114462291320821 -0.00335686455896077 -0.66198158675436 -0.0114286390793226 0.99992110119975 0.00521321247161795 -1.69667537903313 0.00341627133083884 -0.00517447718475292 0.999980776753263 104.170192314599
0.999942680842806 0.0102069744122901 -0.00323306391049326 -0.686644853136546 -0.010193347009153 0.999939209970323 0.00420381263579653 -1.73274078930023 0.00327577558044984 -0.00417061593445682 0.99998593752966 105.605502484135
0.999936277788241 0.0108486988015489 -0.00312187400610948 -0.688798730981314 -0.0108442095650858 0.999940146564592 0.00145134671657781 -1.74075758421755 0.00313743237461007 -0.00141739997759696 0.999994073730139 106.906079747147
0.999942670028115 0.0102211466361939 -0.0031913662413487 -0.701059968002953 -0.0102205822423743 0.999947749838646 0.000193109441104256 -1.76240551410339 0.00319317329186201 -0.000160480749010185 0.999994888932067 108.239718791116
0.999968353550875 0.00731572467158151 -0.00312603091504365 -0.724898956142139 -0.00730960850143963 0.99997135674459 0.00196349533705122 -1.8063094853082 0.00314030576662153 -0.00194058313724356 0.999993186285176 109.716521311188
0.999982400376101 0.00535367986000739 -0.0025567655361659 -0.717333310235108 -0.00534474909204817 0.999979636528559 0.00348714573159775 -1.80726200863816 0.00257538253341608 -0.00347341908886639 0.999990651338621 111.030981484403
0.99999114343132 0.00383850477434535 -0.00172596060748377 -0.721369569966173 -0.00383161330515454 0.999984744762792 0.00397856521555225 -1.82587758052162 0.00174120601912023 -0.00397191676548836 0.999990595995186 112.388782489468
0.999996151872059 0.00265730828529533 -0.000796839852734942 -0.753816202904894 -0.00265479817516811 0.999991562613064 0.00313476463742936 -1.87280166557199 0.00080516316553227 -0.00313263712546703 0.999994769134778 113.812148246643
0.999988481782973 0.00479177455775933 -0.000274222487143245 -0.745215288085683 -0.00479162768422335 0.999988377627342 0.000533773708652739 -1.87566441610601 0.000276777023304031 -0.000532453588470287 0.999999819943811 115.171260899289
0.999976090221147 0.00685049334943154 0.000943253358660357 -0.755716178779667 -0.00684902494511359 0.999975341901693 -0.00155127234676673 -1.90104590337874 -0.000953857080720993 0.00154477489040495 0.999998351912246 116.511290361727
0.999948076068177 0.00988690324573728 0.00246866598813843 -0.788207960089865 -0.00988396200738791 0.999950431459149 -0.00120079960820983 -1.94561723841235 -0.00248041580951144 0.00117633705713715 0.999996231877171 117.912446653588
0.999929484132242 0.0112877710654135 0.0036895782148571 -0.779623824011164 -0.011289126829471 0.999936215625288 0.000346837721725598 -1.9568431790334 -0.00368542785261802 -0.000388465380577455 0.99999313333452 119.308459011612
0.999924645114112 0.0113119794141078 0.00476898470865564 -0.78460918705349 -0.0113245391217245 0.999932456283929 0.00261489649287391 -1.98087764174732 -0.00473908293840912 -0.00266870600155116 0.99998520944121 120.656299928036
0.999928497391881 0.0105470711420703 0.00563554735045188 -0.796905671132395 -0.0105660907242436 0.999938545998977 0.00335588323079088 -2.01198168615563 -0.00559980628433961 -0.00341518898097298 0.999978489095542 122.031373325445
0.999914345706355 0.0112644222237099 0.00666438613813891 -0.786917330822647 -0.0112811697785319 0.999933288293727 0.00248076006959575 -2.0254598173772 -0.00663599721670872 -0.00255572965333832 0.999974715573788 123.397568181678
0.999878726683228 0.01337624819324 0.00797545676434745 -0.792515876835585 -0.0133919971842093 0.999908471059106 0.00192455596417214 -2.04807245484431 -0.00794898344099811 -0.00203112986141797 0.999966343520491 124.73954488568
0.999846169307339 0.0149375817714379 0.00919273475427239 -0.805880864899485 -0.0149559669484709 0.999886281953698 0.00193448014859506 -2.0744425002527 -0.0091627929190311 -0.00207166880332482 0.999955874733627 126.152625497521
0.999819929203731 0.0160053737280521 0.0101949585027325 -0.792068794446282 -0.0160124019789023 0.999871608339292 0.000608128163270255 -2.09299273620883 -0.0101839162365518 -0.000771264430851642 0.999947845140568 127.510414963872
0.999788220809208 0.0171841121367446 0.0113234191492818 -0.79657868037022 -0.0171834768580117 0.999852341394399 -0.000153398853951251 -2.11824596933038 -0.0113243831721076 -4.12093436391579e-05 0.999935876267854 128.858885076373
0.99979849273231 0.0158361663576223 0.0123365216043687 -0.791719790296152 -0.0158368658205113 0.999874588136123 -4.09951482137682e-05 -2.14276366384897 -0.0123356236641875 -0.000154384949946763 0.999923901381552 130.281454024343
0.99978883478065 0.0157619474951898 0.0131850998899571 -0.780359268637059 -0.0157730470993358 0.999875325208416 0.000738257790658667 -2.16395942468729 -0.0131718196598421 -0.000946071097864107 0.999912800256265 131.66705820554
0.99979784773225 0.0143318978708724 0.0141017861769283 -0.773271488087766 -0.0143564719286485 0.999895590796877 0.00164292992136903 -2.18702928910218 -0.0140767675168289 -0.00184504969675255 0.999899215125151 133.039602110621
0.999806844526032 0.0134593427587309 0.0143220016548657 -0.763259630137371 -0.0134915079256502 0.999906670539026 0.00215160996756649 -2.21072190983848 -0.0142917057341346 -0.00234441977116121 0.999895119921657 134.41954360222
0.999832454652481 0.0113471700815969 0.0143632988806098 -0.750692069313671 -0.0113791093106915 0.999932957537978 0.00214389846969703 -2.23027490567982 -0.0143380087491168 -0.00230698081750747 0.999894544111837 135.808707722735
0.999852270886385 0.00983432082562695 0.0140968981424231 -0.739077173689842 -0.00987582851639492 0.999947091533555 0.00287787155717339 -2.25252781188701 -0.0140678503849726 -0.00301666496042681 0.99989649230211 137.171106376425
0.99987347973244 0.00818409350509502 0.0136398365548396 -0.72933107165005 -0.00822014604258187 0.99996286189374 0.00258921461429504 -2.27557819468816 -0.0136181396226321 -0.002701008474647 0.999903620768741 138.522497541072
0.999901536967841 0.0068313789821857 0.0122575948110176 -0.712615376916391 -0.00686307618008986 0.999973208376555 0.00254572473865664 -2.29643150478316 -0.012239875599679 -0.00262959888585252 0.99992163225675 139.937047402696
0.999922452581557 0.0052699127134961 0.0112834765597887 -0.710222792542671 -0.00530771223624962 0.999980393842001 0.00332266796624342 -2.31080019163929 -0.0112657451640064 -0.00338229974852412 0.999930819124159 141.311192619722
0.999941220082222 0.0037590057095335 0.0101698700362192 -0.700889481479641 -0.00379491264824659 0.999986626090944 0.00351372697319521 -2.33086555329599 -0.0101565259055482 -0.0035521142050441 0.999942112057595 142.679330382414
0.999954250490848 0.00328491234254242 0.00898366719042159 -0.697502694562774 -0.00331733683154652 0.999988029245073 0.00359675449547239 -2.35416279554908 -0.00897174462590804 -0.00362639179577283 0.99995317744428 144.05290267417
0.999966267775411 0.002950972371052 0.00766518580211502 -0.682874186942557 -0.00297529712614437 0.99999056848606 0.00316394467983417 -2.37799191148003 -0.00765577679447455 -0.00318664415823003 0.999965616599232 145.441033288164
0.999972994894241 0.00281648938632053 0.00678799453299763 -0.681687579324169 -0.00283461162457206 0.999992440381205 0.00266160804389079 -2.3933883394025 -0.00678044682754042 -0.00268077749509484 0.999973419133149 146.817376029767
0.99998288003639 0.000506278873239841 0.00582952106343932 -0.677493497367845 -0.000507840230082216 0.999999835575556 0.000266359082305419 -2.4161878830704 -0.0058293852529475 -0.000269314987565749 0.999982972723541 148.182229728583
0.999978207370751 -0.00470453027169036 0.00463164965232464 -0.676468238015438 0.0047046700825154 0.999988932792392 -1.92911196034448e-05 -2.44585949947708 -0.00463150763724023 4.10810827512121e-05 0.999989273667148 149.56787173173
0.999914064826388 -0.0125983311662823 0.00362560535570229 -0.657753134767379 0.0125904677168632 0.999918352720615 0.0021835785219452 -2.46054198310301 -0.00365281878023592 -0.00213774280856076 0.999991043445212 150.955390952538
0.999811174008151 -0.0193308858270618 0.00198322504613143 -0.640760511421634 0.0193235541538439 0.99980661397837 0.00365169823085309 -2.47893029958768 -0.00205343207970527 -0.00361268573873454 0.99999136592195 152.319644563745
0.999751176133639 -0.022285515459893 0.000970371110232961 -0.655750583524468 0.022285107638247 0.999751564074282 0.00042907875458192 -2.51183444112871 -0.000979692276406648 -0.000407347164906645 0.999999437135507 153.692978432793
0.999767489617857 -0.0215210936220979 0.00134507714199637 -0.644344118338718 0.0215251042033453 0.999763680357191 -0.00304192828300021 -2.52467523337324 -0.00127929365047647 0.00307017392873568 0.999994468704604 155.066093455268
0.99983093095551 -0.01824170657773 0.00231293012673258 -0.649541152497964 0.0182533830433851 0.999820222406143 -0.00513194653153271 -2.55361939513182 -0.00221889885091881 0.00517329767779208 0.999984156614007 156.434985778858
0.99982244423367 -0.0185802061460604 0.00313941812748053 -0.666141207503745 0.0185949380500225 0.999815908831757 -0.0047304044059458 -2.60047299749485 -0.00305094829931313 0.00478794178096007 0.999983883534118 157.845819111521
0.999757731046326 -0.0216990791372435 0.00369177162043162 -0.652963044748182 0.0217049631856142 0.999763200429472 -0.0015612943766162 -2.6174456705586 -0.00365701876026269 0.00164104589057236 0.999991966558818 159.2025282757
0.999628370956648 -0.0269317259792993 0.00421925518714993 -0.645059699761895 0.0269269743986803 0.99963670805704 0.00117896336583482 -2.64257481966302 -0.00424947388404344 -0.00106491345240114 0.999990403919481 160.559031725356
0.9995264674341 -0.0304652309011043 0.00432557566702979 -0.641553229425341 0.0304550418622192 0.999533251014236 0.00240219526334918 -2.66553580942947 -0.00439674014234183 -0.00226932215764474 0.999987759351616 161.946133444609
0.999472885473648 -0.0321853764230171 0.00424885249089848 -0.645152843170677 0.0321748588294333 0.999479075868136 0.00252098414975291 -2.69843817966335 -0.0043277779849195 -0.00238294907330513 0.999987795871243 163.401321431544
0.999537441555656 -0.0299789260359621 0.00511536138552339 -0.642347715546494 0.0299639311650705 0.999546528731383 0.00298324155544235 -2.71046455364689 -0.00520247609404448 -0.00282858529542908 0.999982466520147 164.734056421764
0.999641087023343 -0.0260065189290463 0.00643102697733908 -0.649020323544847 0.025992907365495 0.999659725898571 0.00219116021369923 -2.73393130237623 -0.00648582311498724 -0.00202321268937763 0.999976920088126 166.093079065437
0.999724092724922 -0.0223195691084948 0.00731951228864242 -0.65270275673231 0.0223201040125839 0.999750875409836 8.61006570119253e-06 -2.75745418415523 -0.00731788099109976 0.000154764585482458 0.999973211974062 167.484121636652
0.99977110299965 -0.0197917224415154 0.00812584332004503 -0.657818950292641 0.0197940086710623 0.999804059209719 -0.000201018652351539 -2.79012073395412 -0.00812027263051029 0.000361815652921666 0.99996696458525 168.980295773756
0.999810525047534 -0.0175828304048071 0.00835213021506246 -0.655399884710891 0.0175772683860699 0.999845234866574 0.000738884760730307 -2.80609650040819 -0.00836382928195195 -0.000591937126189833 0.999964847367237 170.296932784548
0.999844933898002 -0.0155564253218325 0.00825262320148232 -0.656320346943375 0.0155540134781659 0.999878965512536 0.000356356987315305 -2.83150222407825 -0.00825716799032398 -0.000227940315920282 0.999965883028012 171.665329382419
0.999875039921888 -0.0137763180716445 0.00775355412639139 -0.652628711716748 0.0137924119700245 0.999902827528604 -0.0020260484573277 -2.86254027147972 -0.00772488920639812 0.00213273549489729 0.999967888247447 173.15771931345
0.999929083391318 -0.00946687945268706 0.00722539837152924 -0.648974414686591 0.00950317162182049 0.999942317362606 -0.00500516499512529 -2.8818869060357 -0.00717759829784529 0.0050734742465586 0.999961370224742 174.532341907675
0.999965509357723 -0.00427254622134081 0.00712217970407015 -0.653493310875591 0.00431700991821649 0.999971216547988 -0.0062393510001744 -2.91502460667106 -0.00709531678761301 0.0062698823213728 0.999955171522884 175.914383406116
0.999971771771628 -0.000368017575994881 0.00750468007144804 -0.670842907646085 0.000403506029878114 0.999988742116084 -0.00472787732244728 -2.95356702862109 -0.00750285564267916 0.00473077204650764 0.999960662702813 177.404810293824
0.999962585309275 0.00307918931170941 0.00808372282883742 -0.659412317915553 -0.00305451654832164 0.999990644770529 -0.00306272755528304 -2.97683040884271 -0.00809307792170828 0.00303792109912605 0.999962635864535 178.788779195524
0.999959223988279 0.00401122740383939 0.00809076111836621 -0.657020673604003 -0.00400443521188197 0.999991616252731 -0.000855524917432956 -3.002061667092 -0.00809412499246326 0.000823091103825583 0.999966903283124 180.191172489822
0.999972176564286 0.000760643234690769 0.00742074923130777 -0.655339796248263 -0.000761381045543844 0.999999705483547 9.66008439449135e-05 -3.02403332440913 -0.00742067356699662 -0.000102248173985994 0.999972461195369 181.582057969887
0.999981816913377 -0.00203401996443287 0.00567702434437871 -0.659238840164545 0.00203084211115403 0.999997777952198 0.00056548296652311 -3.05735174841793 -0.0056781619334027 -0.000553943544192734 0.999983725679377 183.075786481598
0.999991399174241 -0.00207304385020382 0.00359222309137414 -0.656922149255874 0.00208737805489083 0.999989856537872 -0.00399119959678378 -3.07151637071901 -0.00358391272201621 0.00399866359682068 0.999985583025596 184.483294469989
0.999997418624055 -0.000369063521707694 0.00224199405520584 -0.664302650527443 0.000387515447957363 0.999966014346615 -0.0082352889155382 -3.1013843584437 -0.00223887851484354 0.00823613646449211 0.999963576076216 185.889205007151
0.999987876797417 0.00465588879274287 0.00160279685049818 -0.678234314794835 -0.00464156045008286 0.999950240924285 -0.00883015243652668 -3.13982156041562 -0.00164382930457578 0.00882260590832906 0.999959728914222 187.326313554636
0.999970597584951 0.00753174313013637 0.00144111450522823 -0.692556334455406 -0.00752061157163469 0.999942992132187 -0.00757976828915104 -3.18424122572295 -0.00149812121810285 0.00756870736323375 0.999970234707847 188.796321230116
0.999948296086791 0.00999910585238379 0.0018501446634267 -0.70232638075981 -0.00999089504030205 0.999940430385716 -0.00439519013497403 -3.20218566449689 -0.00189398242242369 0.00437647828530308 0.999988629569558 190.230110884291
0.999939628996804 0.0107624645469645 0.00221533713204913 -0.711005435971065 -0.0107569511168689 0.999939052534193 -0.00248580363059588 -3.23167197514168 -0.00224195548631002 0.00246182328690012 0.999994456515486 191.680488213708
0.999946487170301 0.0100908984659423 0.00227959731639789 -0.712456471512488 -0.0100873570654249 0.999947904904685 -0.00155971284718048 -3.25672392962271 -0.00229521746453534 0.00153663427043662 0.999996185358679 193.139784687518
0.99996208610585 0.00846783676579827 0.0020302934134864 -0.717417084002119 -0.00846620066255306 0.999963830510868 -0.000813090630225025 -3.29490154841424 -0.00203710509754339 0.0007958709313505 0.999997608393281 194.589459438498
0.999980253578179 0.0058455373561177 0.00230697783662258 -0.721260925057685 -0.00584480666750284 0.999982866694809 -0.000323344787025054 -3.31047300457767 -0.00230882843449869 0.000309854562681223 0.999997286647024 196.051532960454
0.999991492399297 0.00317852637245385 0.00262908712779762 -0.725735938210246 -0.00317784790991793 0.999994916254693 -0.00026219731221825 -3.33798187164352 -0.00262990716325994 0.000253840242514148 0.99999650957063 197.482363233939
0.99999528046691 9.45766576021571e-05 0.00307084665233404 -0.724697932711227 -9.69026611515299e-05 0.999999708547921 0.000757307036759018 -3.36190378159898 -0.00307077413376108 -0.000757601035835998 0.999994998180936 198.93523673429
0.999985914321906 -0.00425608762054384 0.00317125778655722 -0.715049301587501 0.00424867070201243 0.999988232147814 0.00234187172065281 -3.39552838470299 -0.00318118767890351 -0.00232836510375534 0.999992229350256 200.458542344477
0.999969093638353 -0.0070199806690751 0.00354000557863613 -0.710485061409361 0.00701235344228709 0.999973075080306 0.00216240922046338 -3.41109326290107 -0.00355509033519649 -0.00213751861795692 0.99999139613642 201.90419277553
0.999980438356698 -0.00497744931982835 0.00378786248629547 -0.71792433697036 0.00498572607402777 0.999985197626122 -0.00217877583993818 -3.43707934901637 -0.00377696167061619 0.00219761846426512 0.999990452471234 203.367855446402
0.999988220760462 0.00229883768484907 0.00427477316632673 -0.729685384498494 -0.00226792763061734 0.999971351735268 -0.00722164891160895 -3.46618807373878 -0.00429125210015815 0.00721186896989803 0.999964786430689 204.841936684605
0.9999200344576 0.011446473351536 0.00537614528499011 -0.746221371312351 -0.0114075063202539 0.99990883917853 -0.00722372010800952 -3.50676554125948 -0.00545834131088487 0.00716181404799581 0.999959456642956 206.353138173444
0.999789306419949 0.0193432114847311 0.0068689837512294 -0.764567336178151 -0.019318934996579 0.999806951217082 -0.00358316181633555 -3.53125408313296 -0.00693696755907373 0.003449705416562 0.999969988556468 207.827952148739
0.999764625532553 0.0203121821074975 0.0076229122902651 -0.767438859721538 -0.0203015301836363 0.999792818858513 -0.00147215187766579 -3.55631128032337 -0.0076512355836244 0.00131704858675356 0.999969861534368 209.313789164329
0.999805132766943 0.0185017132610144 0.00688353828226202 -0.76083184522483 -0.0184956258301337 0.99982849283715 -0.000946961532475008 -3.5926017450927 -0.00689987811688393 0.000819461652245243 0.999975859790912 210.854759395828
0.999868221253415 0.0151247009459767 0.00589775794922392 -0.755331666714486 -0.0151185581039081 0.999885119656185 -0.00108475388715824 -3.60878671680106 -0.00591348699090623 0.000995445343412512 0.999982019718443 212.328899796961
0.999900465920342 0.0131994954378417 0.00498312878320831 -0.753057310424777 -0.0131915007913374 0.999911653571373 -0.00163381731988388 -3.63757171512523 -0.005004254105837 0.00156791975209358 0.999986249439709 213.808302477161
0.999896047968519 0.0136985075179394 0.00449934981067309 -0.759863209331416 -0.013688834392624 0.999903940805422 -0.00217370070601199 -3.66675072640513 -0.0045286940622172 0.00211188389097498 0.999987515360328 215.315511466011
0.99987737935125 0.0151082960236375 0.00411893832662488 -0.761098367706607 -0.0151005048816516 0.999884144896616 -0.00191612543506579 -3.70201673358889 -0.00414741051689061 0.00185369243021343 0.999989681351952 216.860680415642
0.999855232947544 0.0164865469844677 0.00420795864297904 -0.766914886827698 -0.0164818175656755 0.999863497200209 -0.00115613852957628 -3.71806366301291 -0.00422644497703129 0.00108661635213164 0.999990478168547 218.327337171795
0.999866266932538 0.0158745075238456 0.00393042761885121 -0.771345224579062 -0.0158681973328854 0.999872761187504 -0.00163148664730325 -3.74710372586236 -0.00395582656296605 0.00156889966253082 0.999990944954029 219.810146642548
0.999875315146955 0.0154461368953739 0.00328192242229369 -0.77274729222196 -0.0154377759016594 0.999877558788917 -0.00255783219283118 -3.78468413814796 -0.00332102920594348 0.0025068476870181 0.999991343202374 221.3917056626
0.999887134258012 0.0147000950837363 0.00310257148643851 -0.777569774122244 -0.0146912552186597 0.999888007373874 -0.00285302120628842 -3.80409180895301 -0.00314416370431836 0.00280711852839166 0.999991117120631 222.851807860944
0.999880357974292 0.0152163252840631 0.00278085994823654 -0.788718500630277 -0.015208095099648 0.999879977363443 -0.00295714577278632 -3.83440582027004 -0.00282552307408477 0.00291450039132416 0.999991761019473 224.359108318628
0.999880016135167 0.0153071707450649 0.00237568039082132 -0.789156344593878 -0.0152999434833172 0.999878354635225 -0.0030311155311082 -3.87821301762585 -0.00242178920329628 0.00299440407043803 0.999992584213162 225.952133696532
0.999876789927758 0.0155283177098763 0.00229702260829125 -0.795894092341813 -0.015520583360049 0.99987394501486 -0.00334747256660343 -3.90370778114821 -0.00234871367467981 0.00331140899339477 0.99999175902332 227.453758550296
0.999861312112672 0.0165310500417356 0.00202012990763166 -0.81098423169055 -0.0165236201184888 0.999856846695465 -0.00364089197595297 -3.93484578063295 -0.00208002848681083 0.00360700716915313 0.999991331452816 228.971121086294
0.999870183988297 0.0160628206913213 0.00126529152682082 -0.806687483307101 -0.0160579879446978 0.99986406272937 -0.00374126789813573 -3.96701959515578 -0.00132521484195007 0.00372046418557426 0.999992200945521 230.56175624285
0.999860564292466 0.0166640970173177 0.00107696023531689 -0.820243085600953 -0.0166599682776256 0.999854236078401 -0.00373524471308683 -3.99712856759762 -0.00113904773365189 0.00371678176324081 0.999992444023246 232.084355198423
0.99987295117276 0.0159088859611755 0.000994414677483569 -0.827251888115802 -0.0159050228264874 0.999866365830546 -0.00377898527463861 -4.02831284865613 -0.00105440123548724 0.00376268897084694 0.999992365175726 233.621615239672
0.999894505658045 0.0144949289063991 0.00093519562266247 -0.829196276007536 -0.0144910729017522 0.999886973863265 -0.00400603353948267 -4.05992393167755 -0.0009931570924656 0.00399205893766517 0.999991538516416 235.161528597475
0.999909348893126 0.0134096511250195 0.00121459986415896 -0.839721111043677 -0.0134050742514226 0.999903298345269 -0.00370107316406422 -4.09297982273314 -0.00126411251026053 0.00368445585632046 0.999992413373524 236.743355736568
0.999924799037536 0.0121911469558515 0.00133124214364118 -0.84226259678862 -0.0121869901824012 0.999920970175554 -0.0030871788859344 -4.1194502196848 -0.0013687731872857 0.00307072289217592 0.999994348544471 238.29162890532
0.999922926354628 0.0123587675917632 0.00118415117681049 -0.847316573463931 -0.0123553130422713 0.999919518282058 -0.00288152706108108 -4.152585317784 -0.00121966799754676 0.00286667441280737 0.999995147282119 239.829392401475
0.999914168979087 0.0130452832955515 0.00121460223975816 -0.855248556364266 -0.0130413819900224 0.99990994423189 -0.00316635152321802 -4.18888852970614 -0.00125579881045419 0.00315023966025959 0.999994249463181 241.372226095712
0.999913437911499 0.013084487677276 0.0013830640727161 -0.860992746581903 -0.0130792002447354 0.999907374272012 -0.00376528848950349 -4.21740846669601 -0.0014322028362418 0.00374687318630968 0.999991954835818 242.98954882968
0.999893468864587 0.0144734593083799 0.00188941726258891 -0.869766823955073 -0.0144675526703702 0.999890523805829 -0.00310327617772412 -4.24712884797706 -0.00193412555785875 0.00307561033842659 0.999993399867905 244.526450453201
