0.999999992620001 -9.8138185922626e-05 7.16163014762242e-05 -0.00308822632739401 9.81380838938384e-05 0.999999995183438 1.42817146104295e-06 0.000244845476223834 -7.16164412894363e-05 -1.42114316390061e-06 0.999999997434533 0.00466998216226592
0.998139101063487 0.000340722308818671 -0.0609771993164907 -0.0597418780064029 -0.000258724526693034 0.999999051741261 0.00135261901421894 0.00342026453156905 0.0609776023618021 -0.00133432562990165 0.99813824272258 0.334613774526811
0.992580755226749 0.000420306273209274 -0.121586461812706 -0.143847642531279 2.53087448736055e-05 0.999993289269394 0.00366343768135737 0.00395160168265255 0.121587185644555 -0.00363933494122993 0.992574083647272 0.679989145544159
0.983506111473547 0.00134291289570175 -0.180869912586749 -0.251547587414626 -0.000366263818174532 0.999985173949439 0.00543302237484998 0.00463040545257523 0.18087452707609 -0.00527716460466056 0.983492021822616 1.03123730340171
0.971307965815464 0.00128396057072707 -0.237821754658144 -0.379760761557383 0.000851217619946614 0.999960252771423 0.00887515103394738 0.0034711607939084 0.237823697246488 -0.00882294296506007 0.971268266085867 1.38656409565421
0.956654255944558 -0.0031613904146019 -0.29120892876732 -0.448740461028987 0.00721105622404603 0.999891635846376 0.0128342211525047 -0.0212023839637542 0.291136798174497 -0.0143778362455627 0.956573385879828 1.57709792601941
0.94023626068884 -0.00161920809429412 -0.340518945509665 -0.683882425496786 0.0072476429181431 0.999857327684838 0.0152576520823532 -0.0114938709736309 0.340445657569601 -0.0168137574647197 0.940113850446806 2.02384196848884
0.922915064803621 0.00187807242689762 -0.384999033768253 -0.885114483502309 0.00440471759745924 0.999871149243493 0.0154364300725044 -0.0104203347226924 0.384978417085186 -0.0159423258797458 0.922787874120661 2.39426465636963
0.905751311791547 0.00479863857019818 -0.423782413811339 -1.10259951160515 0.00180839261877958 0.999883033821456 0.0151871126991631 -0.00550803633541452 0.42380572306663 -0.014522112238698 0.905636691699325 2.76794383306926
0.888927587372549 0.00615630357993507 -0.458006380233127 -1.33393396970781 4.87906544269932e-05 0.999908396659923 0.0135349883063537 -0.00030066707563798 0.458047750815886 -0.0120539709313059 0.888845858266379 3.15379485230709
0.87251873038384 0.00178702379509033 -0.488577395788351 -1.51323948093281 0.00268974733084553 0.999960588372734 0.00846090778527955 -0.0198081245205067 0.488573260001678 -0.00869645026494004 0.872479536358373 3.45501966918563
0.857743455264335 0.00215117069481865 -0.514073474725006 -1.84461948156432 0.00109722342080546 0.999981306420605 0.00601522319655038 -0.0131253487814887 0.514076804623555 -0.00572357178527842 0.857725060654085 3.95320976540979
0.843728085310956 0.00185956713274611 -0.536767603407273 -2.13015043389194 0.000496945555174392 0.999990864423167 0.00424548175380418 -0.0161142617226909 0.536770594483922 -0.00384877646603466 0.843719453264586 4.36434928693433
0.832407180380761 0.00136624224028417 -0.554162809499782 -2.43225676525452 -0.000375782977525243 0.999998122588306 0.00190094897829579 -0.0154908653108064 0.554164366264834 -0.0013741186284833 0.832406131020363 4.78596325608776
0.82319653569308 0.00061772605279795 -0.567756181857526 -2.74524192909565 1.96723113980701e-05 0.999999376480714 0.00111653534824018 -0.0134651390381819 0.56775651756357 -0.000930297107057866 0.823196010262064 5.2206669793908
0.815690337220836 0.000780954359049189 -0.578488257335313 -3.0718280147011 0.000208349726787065 0.999998627302917 0.00164377086981569 -0.0172490592557027 0.578488746956196 -0.00146133588547908 0.815689054813463 5.66434352909215
0.809228832032697 0.00100612227161509 -0.587492710699437 -3.40281486066802 0.000480685126901042 0.999997064928629 0.00237467385889964 -0.0344364379276158 0.587493375578658 -0.00220405356149193 0.809225973260307 6.0797737024717
0.805737682211525 0.00483648071476435 -0.592252814192296 -3.77524091130169 -0.00273576478081279 0.999986382125012 0.00444422722110015 -0.0382704836825247 0.592266243386759 -0.00196061694994606 0.805739941250099 6.58761443691691
0.802999566602749 0.00520940548612655 -0.595956842506468 -4.13095355344128 -0.00244774629225638 0.999982191164913 0.00544296712360138 -0.0412512076793395 0.595974583832135 -0.00291194908969489 0.802998017418856 7.05984561106477
0.802063380693666 0.00368002303568569 -0.597227587089465 -4.49487502390178 -0.000163071340407624 0.999982328506358 0.00594273360829991 -0.0408375202249127 0.597238902582531 -0.0046690583052798 0.802049807142023 7.54949213303512
0.802249363064948 0.00208813314380409 -0.596985426255834 -4.90129312604877 0.00291074159623662 0.99996831488004 0.00740923878229966 -0.046723517592627 0.59698198217806 -0.00768172740644592 0.802217865681641 8.06830447167943
0.80328507283789 0.00460043718996729 -0.595576970452591 -5.28349202580967 0.001859486645067 0.999945923764669 0.0102319038228359 -0.0508978650239116 0.59559183512305 -0.00932660303026309 0.803233079753737 8.59648495995814
0.80424314970561 0.0064373218969375 -0.594265527385188 -5.67817400334582 -0.000294704359994017 0.999945531609118 0.0104329748537474 -0.0542582403719132 0.594300319115631 -0.00821551591526269 0.804201240982197 9.12332543742255
0.805151256748473 0.00637250114220384 -0.593035281400311 -6.07808189791178 -0.00201104377133334 0.999965858353934 0.00801485055566471 -0.0549353353011959 0.59306610884395 -0.00526054708870363 0.805136582937966 9.65857495447211
0.805970825073104 0.00660172365402976 -0.591918445713407 -6.48923993216102 -0.00237704649053009 0.99996584215706 0.00791607030683595 -0.0528709697481835 0.591950486764697 -0.00497310405247419 0.805958987452291 10.2119113985328
0.80692868213594 0.00808082043952987 -0.590593601630918 -6.91029690262952 -0.00220991233836506 0.999940713821049 0.0106623229414287 -0.0508463818194332 0.590644747910123 -0.00729857411243124 0.806898700322483 10.7851408040052
0.808148119801628 0.0106033885028058 -0.588883846453061 -7.42528405303733 -0.00289250037314576 0.999897326883883 0.0140345691795816 -0.0534546079167362 0.588972197902995 -0.00963866394909977 0.808095815021085 11.4594356498746
0.809200756365801 0.0125436576156618 -0.587398325287566 -7.84775937534434 -0.00350541537797301 0.99985734950424 0.0165224908952557 -0.0607880119365148 0.587521785094003 -0.0113109370070293 0.809129294207038 12.0482722196554
0.810248385061554 0.0136372047488199 -0.585927965838619 -8.29272816479716 -0.00523085151252987 0.99985770401315 0.0160377653682029 -0.0580557577128376 0.586063300930537 -0.00992967130324205 0.810204424161095 12.6520719254641
0.811249687338031 0.0130653599020674 -0.584553882173898 -8.79201942399026 -0.0068656351245819 0.999894244185298 0.0128204328884485 -0.049764436008833 0.58465956577164 -0.00638723850662824 0.811253594960279 13.3214912351444
0.811948322835377 0.0138530656813098 -0.583564918081997 -9.26886727680353 -0.00816454451497824 0.999890078083997 0.0123762660782865 -0.049299923577876 0.583672220734961 -0.00528434673416898 0.81197217589146 13.983375596698
0.812857076922827 0.012852241280785 -0.582321382391663 -9.72341570321876 -0.00534878318877817 0.999879082905923 0.0146017151598836 -0.0485987427346626 0.582438634548633 -0.00875439668232016 0.812827532459286 14.6146802473391
0.813488093293662 0.0122133680046645 -0.58145331344092 -10.187495943343 -0.00316864085267174 0.999857707313533 0.0165687911711021 -0.0476748459410323 0.581572937630861 -0.0116360976150704 0.813411039664267 15.2650698384197
0.814245616837185 0.0123257331125302 -0.58038965511514 -10.6567352872096 -0.00204022911702348 0.999829156008914 0.0183710712712427 -0.0503969924643537 0.580516935951556 -0.0137744363856278 0.814131655185865 15.9102810444119
0.814815061796706 0.00977819463303734 -0.579638509744606 -11.1949375891104 -0.00244132824820537 0.999906751895222 0.01343604966986 -0.0454118416162094 0.579715839860888 -0.00953280777446342 0.814762953619224 16.6624154710968
0.814719295449066 0.003872224994571 -0.579842629940719 -11.6842747637701 -0.000243286981169054 0.99997989716941 0.00633609252630072 -0.0529047332514424 0.579855508238409 -0.00502106867593641 0.81470385934702 17.3421643283607
0.814667257829153 -0.00140745588478153 -0.579926959270787 -12.16160437623 0.00289463133404787 0.999994466776894 0.00163936726707182 -0.0562502203511907 0.579921443068429 -0.0030142135838046 0.814666824159363 18.0121698774721
0.81428433242734 -0.00183200412427624 -0.58046332332392 -12.6524793997425 0.00392977087635713 0.999989501426393 0.00235667941252061 -0.0604911432112732 0.58045291184059 -0.00420009498496141 0.814282982959792 18.6977133645794
0.814549403631588 0.00368077625899355 -0.580082512173531 -13.1757525024227 0.00250370684661335 0.999948248380516 0.00986062943046849 -0.0639654859148119 0.580088786734798 -0.00948432637934974 0.81449803379608 19.4293771520866
0.814278383792966 0.00872713916820096 -0.580408951283019 -13.6671243790722 0.00149231539733919 0.999852198319459 0.0171275950004652 -0.0654620062876312 0.580472640769804 -0.0148127835899924 0.814145008435258 20.1053035192792
0.814034353986673 0.0132947890153822 -0.580664549558983 -14.1696262084451 -0.000141840761663542 0.99974251436051 0.0226910744858596 -0.0669363929197148 0.580816709823933 -0.0183889522583797 0.81382663757347 20.797825982758
0.81383372374344 0.0148516115371413 -0.580907995927614 -14.6663655200329 -0.00166428600397798 0.999728816270179 0.02322765746096 -0.0682166291972637 0.581095431276123 -0.0179366539180689 0.813637742607998 21.4815309250213
0.813832783452326 0.0135101584025453 -0.580942059243586 -15.2264187620651 -0.00253496423182117 0.999802725990861 0.0196998237958519 -0.0674794056325 0.581093602214465 -0.0145596950923555 0.813706483164682 22.2594816339944
0.813466732970012 0.0118297332645847 -0.581491127844599 -15.7323022841015 -0.00237015815591944 0.999852253361301 0.0170250932051811 -0.0633522728930144 0.581606616796448 -0.0124711210088729 0.813374584333302 22.9557870147651
0.813350083683684 0.013756076262941 -0.581611908180698 -16.2283198792614 -0.00378408052030956 0.999824359579015 0.0183556728840886 -0.0599915251824655 0.581762255656346 -0.0127287217842171 0.8132592806328 23.6408438828883
0.813450270560996 0.0156732340934068 -0.581423259817919 -16.7369694577028 -0.00436410344697561 0.99977319706435 0.0208448802547051 -0.0614464923277636 0.581618098003618 -0.0144188822306782 0.81333417726656 24.3366382072431
0.813685952570411 0.0160520501523188 -0.581083042495211 -17.2611081192349 -0.00591828267810905 0.999795614660474 0.0193313950822662 -0.0679705909159686 0.581274586163653 -0.0122906709170864 0.813614647661092 25.0615591545227
0.813919052860037 0.01349313985969 -0.580821582388384 -17.7814158579436 -0.00646366366565331 0.999878699879891 0.0141706237870933 -0.0628888853998903 0.580942334869337 -0.00777950533291584 0.813907539499013 25.7685133928954
0.814049675042036 0.0120866294238732 -0.580669475651273 -18.2691927758029 -0.00762363574613076 0.999919672739792 0.010125623238031 -0.0629036207648103 0.580745216718972 -0.00381594773525515 0.814076428722093 26.4378524417376
0.814343815282564 0.0119844674584127 -0.580259013760903 -18.7683704432913 -0.0069415096637019 0.999916388970782 0.0109101105045524 -0.0670492710971387 0.580341249571859 -0.00485670746196013 0.814358917454707 27.1245057420484
0.814551794987297 0.0134270538517383 -0.57993541666968 -19.2898440094349 -0.00699416665505399 0.999886738606104 0.0133263495545239 -0.0783887809037488 0.580048665989134 -0.00679883699690969 0.814553448767922 27.8728230868034
0.81491318882252 0.0156384838199952 -0.579372015640144 -19.8109874980144 -0.00618598589434233 0.999813656378284 0.018286227002881 -0.0789762608770789 0.579550022225543 -0.0113177004421236 0.81485807438785 28.5887832025379
0.815230521818904 0.0179656125544614 -0.578857869481293 -20.3059105782271 -0.00507945737034874 0.999702084486251 0.0238734452199197 -0.0770962291201971 0.57911431980888 -0.0165220773327291 0.815078907562274 29.2820879878041
0.815125148535822 0.0199426306762385 -0.578941520109039 -20.7985275607822 -0.00515088433874099 0.999617249452689 0.0271812984820323 -0.0760011199396039 0.579261996522284 -0.0191740991535865 0.814915881123117 29.9695817746243
0.815176135797492 0.0195164687473616 -0.578884250151877 -21.2918523064149 -0.00467572123909771 0.999621334183934 0.0271168928018412 -0.0722022876918728 0.579194272465778 -0.0193983425056255 0.814958710028227 30.6654098711158
0.815271483122545 0.017140241274544 -0.578825207585344 -21.7703205279925 -0.00488219317393471 0.999729774119639 0.0227275807887337 -0.0687007587854081 0.579058350252355 -0.0157032120200438 0.815134857637235 31.333749063242
0.815486963736798 0.0154170804013636 -0.578570069747162 -22.2700210825351 -0.00568300049744883 0.999810263680781 0.0186316972901945 -0.0687155610685976 0.578747540366855 -0.0119058922582617 0.815419851517518 32.0280298382572
0.81579409987516 0.0175318790907611 -0.578076655664648 -22.8212488212056 -0.0102423083509409 0.999821628988069 0.0158683750676631 -0.065520246956549 0.578251745979656 -0.00702448739700764 0.815828152767658 32.771817443791
0.815453409504739 0.0192897805687629 -0.578501202498928 -23.3362445021833 -0.0133775331148818 0.999805652219326 0.0144810012792363 -0.0678371919873849 0.578668107411197 -0.00406966287276742 0.815552977622696 33.4925135433952
0.815058806305014 0.0163698725492388 -0.579146932597736 -23.8167947319002 -0.0111859854087001 0.999859064489161 0.0125189811604583 -0.0756887329076841 0.579270244354983 -0.00372537670326639 0.815127048731262 34.1647997117015
0.81436843840303 0.0112119154809927 -0.580239898218191 -24.3030458731198 -0.00764728113804662 0.999933875019008 0.0085886367176369 -0.0811234573808797 0.580297824934925 -0.00255705704256683 0.814400328975299 34.8459810191636
0.813951638366551 0.00696223273367995 -0.580890917226092 -24.7908568614194 -0.00364933467980572 0.999969731394783 0.00687158283364338 -0.0888845511349303 0.580921176027181 -0.00347327073619816 0.813952408703107 35.5285127898663
0.812852312379994 0.00852414983045121 -0.582407466580026 -25.2831801733351 -0.00304485502810373 0.999941432688336 0.0103855693660211 -0.0945424576574071 0.582461884689766 -0.0066685877715317 0.81283066060575 36.208176660969
0.811750324619726 0.0102304646174463 -0.583915017852325 -25.8168590648609 -0.000985851973213326 0.999869132052279 0.0161476581865193 -0.0972475565284124 0.584003800138027 -0.0125322130022168 0.811654178244411 36.9417865635003
0.810774861231576 0.0106966724267955 -0.585260374187346 -26.3517027316998 0.00124245524604571 0.999799321801608 0.0199943099407536 -0.104644269347361 0.5853567977737 -0.0169380436898474 0.81059886625635 37.6836448612629
0.809880374781156 0.0100689592282031 -0.586508648362831 -26.8375875304412 0.00141422326054285 0.999816247559581 0.0191172981471687 -0.107418629081233 0.586593367262965 -0.0163121787612563 0.809717317529493 38.3505945809764
0.809260481988146 0.0109682191995037 -0.58734757210693 -27.3112664050222 -0.00222606194343998 0.999875761012398 0.0156047168542688 -0.11309425755011 0.587445756594205 -0.011320808604935 0.809184356220505 38.9844555543444
0.808541354066937 0.0125770675890344 -0.588304934650785 -27.7984729717905 -0.00649291026536132 0.99990138014283 0.0124527950576915 -0.115684988347682 0.588403535747271 -0.00624878862850717 0.80854327760534 39.6356576294732
0.807873801991458 0.0156646789988878 -0.589147297276095 -28.3103375961046 -0.0114046854871756 0.999875044459675 0.010946625767844 -0.114037490491142 0.589245155436007 -0.00212445254699238 0.807951504421256 40.2965229926783
0.807225977593187 0.0175352461752644 -0.589981979589459 -28.7779396686076 -0.012632710714625 0.999842909581634 0.0124326497310064 -0.121018193485769 0.590107308647101 -0.00258288615818991 0.807320687818892 40.9244323975792
0.806683906635034 0.0182588619132008 -0.590701014674662 -29.255643180403 -0.0123884654263629 0.999825430500129 0.0139869385360838 -0.125852641527845 0.590853281873275 -0.00396515912253767 0.806769283508435 41.56340392717
0.805998012889877 0.019360176921084 -0.591601543918839 -29.7295975884836 -0.0139428607621986 0.999808619506793 0.0137230096438993 -0.13082386754557 0.591754002818178 -0.00281210055028935 0.806113696843788 42.1987968666656
0.805828327638346 0.0205418122325715 -0.591792818751451 -30.2723569017854 -0.0156372013948778 0.999787788542858 0.0134110332606456 -0.137122629318499 0.591942720462142 -0.00155300701346939 0.805978538089628 42.9214967906897
0.805410919183078 0.0197129714752455 -0.592388934751727 -30.7377449085077 -0.0132489393360647 0.999795823209452 0.0152570475323356 -0.140586528244707 0.592568744423075 -0.00443966761715674 0.805507648929736 43.55162323103
0.805181012149501 0.0205697638516334 -0.592672272414522 -31.1968893388551 -0.012204248200145 0.999761362918957 0.0181183205706024 -0.142707482746811 0.592903528408943 -0.00735540818159599 0.805239904606514 44.1714644728803
0.804475639303621 0.0238287086601679 -0.593507488083023 -31.7309763045393 -0.0132522649726401 0.999666319885528 0.0221726489085308 -0.143094672390343 0.593837792027524 -0.00997203741042276 0.804522986141328 44.8940989313786
0.804845098244314 0.0249094231886506 -0.59296196207557 -32.1791129102372 -0.0129069740103003 0.999617159031393 0.0244733608624683 -0.144643661935229 0.593344569246234 -0.0120439198941158 0.80485847584503 45.4778058790636
0.804347699894584 0.0244103304556386 -0.593657235651465 -32.6325926025589 -0.0123080614895339 0.999625847843647 0.0244269512064152 -0.142663910323681 0.594031387467583 -0.0123409922582124 0.804347195316438 46.0864561427979
0.804107805238026 0.022484745832061 -0.59405814005041 -33.0833684240014 -0.0114436656892149 0.999684766092204 0.0223475045311352 -0.141149506216534 0.594373350740827 -0.0111716000663842 0.8041116311067 46.6920927845914
0.804327675991926 0.0205433562574404 -0.593830750422297 -33.5963028515179 -0.0118955052581918 0.999758572409137 0.0184741400096884 -0.139778395265515 0.59406690413461 -0.00779534528581769 0.804377862701227 47.3726669379089
0.804345488226143 0.0192520349884203 -0.593849892413101 -34.025444346503 -0.0121866885237872 0.999799219454005 0.0159061435296638 -0.145207493917092 0.594036884539227 -0.00555697111443952 0.804418609853702 47.9456918478619
0.805085576875703 0.0183441071284309 -0.592874951098778 -34.4596936427918 -0.0127325369928676 0.99982582498121 0.0136455927818163 -0.148634857927417 0.593022003308851 -0.00343706768954973 0.805178918102837 48.5215263860324
0.806489458501282 0.0197453695945364 -0.590918669281894 -34.8857096883816 -0.0148797761959183 0.999803470225872 0.0131001215515 -0.154136274693738 0.591061202911059 -0.00177237238746571 0.806624765990638 49.0862703199661
0.808549084290521 0.0206011152216069 -0.588067999762431 -35.3246465011232 -0.0154095821804442 0.999785513487895 0.0138373334414509 -0.156311589952201 0.588226931608869 -0.00212628111307911 0.808693115995582 49.717513230378
0.812386806705151 0.0206813776153336 -0.582752054403363 -35.7218564050232 -0.0144931680623563 0.999778255304146 0.0152770514338909 -0.165075716716823 0.582938782695854 -0.00396495156709764 0.812506402921322 50.2424303773055
0.816570303896689 0.0206253979184187 -0.576877397507283 -36.1036762576947 -0.0134800466529455 0.999770268456713 0.0166642927310484 -0.170950782300011 0.577088578241073 -0.00583123234818762 0.816660743266749 50.7788024808475
0.821667363567525 0.0220869122999295 -0.569539210198075 -36.4748676947501 -0.0143676735981961 0.999733993915708 0.0180419335084449 -0.175860250580279 0.569786199906042 -0.00664151446604417 0.821766132596269 51.3079613468914
0.828223314748221 0.0245344200546645 -0.559860878379665 -36.8208497939852 -0.0163378462414229 0.999673641778044 0.0196388572583642 -0.179049037333504 0.560159991152225 -0.00711843850883462 0.828353856842313 51.8248123740846
0.836429941834211 0.0276708815821487 -0.547374894122561 -37.1639698481997 -0.0193440794902463 0.99959290408032 0.0209721887495432 -0.17878801869695 0.547732378988036 -0.00695330315304451 0.836624702350683 52.3528257117076
0.846333318591959 0.0290591884231893 -0.531860392781139 -37.4686870401212 -0.0204308388244296 0.999546957479777 0.0221011451705722 -0.185445194449791 0.532261678750266 -0.00783858157488374 0.846543597207399 52.8451656298868
0.857721380597555 0.0299178439788756 -0.513243563892895 -37.7869241028152 -0.0216547345791745 0.99952177096858 0.0220749140460115 -0.177191429026589 0.513658549754728 -0.00781997260154713 0.857959056303027 53.4099232487561
0.870699999573773 0.0289332430777354 -0.490962705495271 -38.0332292676458 -0.0206900571075746 0.999539176548872 0.0222116204021253 -0.186401595787863 0.491379112579195 -0.00918161146027684 0.870897391046658 53.8620549813294
0.884794048150104 0.0266381410310645 -0.465220272344789 -38.2611737530785 -0.0188674627500189 0.999593967392597 0.021352264556805 -0.18842400506105 0.465600162379189 -0.0101148304353685 0.884937387049353 54.3273385146624
0.900120938274039 0.0244317370227767 -0.434954465095731 -38.4556705620045 -0.0169802360837851 0.999635051353805 0.021010370948976 -0.192815752664735 0.435309048910315 -0.0115262453090559 0.900207297018788 54.779177246408
0.91567538278384 0.0227486389685248 -0.401274336070409 -38.619274109789 -0.0155743433398738 0.999655378386918 0.0211320678505448 -0.195761960100969 0.401616774043614 -0.0131005300346212 0.915714116370176 55.2487948463076
0.931760773834428 0.0215061194260143 -0.362435300668549 -38.7926607406383 -0.0152271788186923 0.999680554209159 0.0201723216634258 -0.195678100287908 0.362753350596091 -0.0132769109096642 0.931790604303352 55.7024901704634
0.947385093679612 0.019582548763434 -0.319496491463679 -38.91237629171 -0.0135764086827346 0.999686969034828 0.0210153531790256 -0.198382374086965 0.319808013346996 -0.0155720173994106 0.947354393494409 56.1508714916648
0.962034957576407 0.0148772145636614 -0.272520474254297 -39.0071864618675 -0.00971809508760528 0.999747287301394 0.0202711657625348 -0.202254985250386 0.272753183352327 -0.0168531902122619 0.961936417311893 56.6020777713166
0.974961466689592 0.00508713960426267 -0.222315675293325 -39.0668697060988 -0.00115893479185989 0.99984096025413 0.0177963779530317 -0.210278258443762 0.222370850923921 -0.0170931333799768 0.974812304728775 57.0453927458641
0.985642511623506 -0.00233190352067437 -0.168829504253483 -39.1064120913585 0.00490716789028155 0.999877869062747 0.0148380140799462 -0.216448962420912 0.16877428413062 -0.015453452187468 0.985533577221845 57.4837863620074
0.9934686165072 -0.00909367330640815 -0.113742749751653 -39.0894666151166 0.0106907886148635 0.999852534340043 0.0134393680128567 -0.221164189675381 0.113603763379842 -0.0145675900405321 0.993419332541071 57.9395796834536
0.99836201401101 -0.0108010945343248 -0.0561838529894463 -39.1292528484739 0.0115967498146347 0.999836764896943 0.0138549252668978 -0.214084627882935 0.0560250334548396 -0.014483781180173 0.998324303875804 58.4063056412442
0.999906368272994 -0.0136674781570277 -0.000674335183207578 -39.1076239728396 0.0136758950735227 0.999799077064757 0.0146552173098349 -0.210589980217568 0.000473899831334568 -0.0146630672537385 0.999892379147707 58.8675906791819
0.998348476001492 -0.0226747931045442 0.0527842232410832 -39.045544323873 0.0218342083770898 0.999626302961665 0.016447546070431 -0.21314963733853 -0.0531374426374117 -0.0152678808241105 0.998470482290336 59.3137248355901
0.99380811489861 -0.0346164825539196 0.105579969204704 -38.9430556109943 0.0328569270868994 0.999291411028164 0.0183602338696193 -0.215791580046623 -0.106140723118312 -0.0147775160610679 0.99424130467155 59.7543153116168
0.986512318531896 -0.0372801906921202 0.159385171100645 -38.8385393034412 0.0351781391198816 0.999253119226322 0.0159906924343157 -0.215022832374333 -0.159862265443991 -0.0101681413456826 0.987086959182771 60.1859459686205
0.976776467448967 -0.0321605956174123 0.211833492931244 -38.6518756626858 0.0306169994475896 0.999475365523291 0.0105637614944236 -0.22752809026323 -0.212062094639151 -0.00383272769943965 0.977248677776357 60.5900651795767
0.963282069454322 -0.0278589805200277 0.267042191183686 -38.5302097041104 0.0290626023087278 0.999577439143166 -0.000555250425685001 -0.221131054020707 -0.266913880895775 0.00829580378114195 0.96368467862926 61.0252722077925
0.946098439076714 -0.0211493682624571 0.323187945008324 -38.3549548389697 0.0250982656954617 0.999652533372026 -0.00805540700213562 -0.218830873452998 -0.322905281213678 0.0157326649042373 0.946300513906299 61.4495882162404
0.925440174378046 -0.0185641080019473 0.378438710415866 -38.1413354995411 0.0242753781184541 0.999651979182313 -0.0103260124970832 -0.219358731720449 -0.378115312655197 0.0187428495959359 0.925568752673018 61.8862452463566
0.901680634261286 -0.0169087898186654 0.432071899832693 -37.899051043089 0.0239764852388206 0.999652931540651 -0.0109153386468521 -0.229157170017523 -0.431737376137111 0.0202017150027181 0.901773102702222 62.290497308137
0.873977933097102 -0.012035781544996 0.48581654193936 -37.5926121935948 0.0208616791795899 0.99970090364505 -0.0127629774378491 -0.236759528159104 -0.485517623574186 0.0212895094793731 0.873967616096273 62.7788146242039
0.847779087251998 -0.0120657658581431 0.530212256094128 -37.290411898719 0.0207103278410146 0.999731796341377 -0.010364251288023 -0.252979779497506 -0.529944998597861 0.0197674651460439 0.847801595765668 63.2204366708265
0.82090133504039 -0.00708384514661311 0.571026109093835 -36.952129485543 0.0145300731714347 0.999858434455538 -0.00848457551991048 -0.266167268340901 -0.570885168052682 0.0152620505194786 0.820888052484261 63.6688777487584
0.794337003360563 -0.00184468630682483 0.607474544507496 -36.6251414044153 0.00951000149031687 0.999910605781559 -0.00939895298471749 -0.276053412487852 -0.607402901675498 0.0132430199722032 0.794283537194496 64.0824762744869
0.770232632438445 0.000620361862543006 0.637762735723955 -36.2403029275762 0.00523582456943855 0.999959676187919 -0.00729603585730104 -0.286013449199529 -0.637741544881641 0.00895885870591009 0.770198325616634 64.533933535102
0.749519839304628 -0.00024411151521944 0.661981835776732 -35.8344248782522 0.00466005229456608 0.99997709976872 -0.00490753000518997 -0.297218889089373 -0.661965478255004 0.00676316107364505 0.749503812699386 64.9805836092832
0.729816515467994 -0.00208002113755603 0.683639910524702 -35.2991796412534 0.00615506803980038 0.999974832725065 -0.0035283216837531 -0.301846752822225 -0.683615366187435 0.00678287760068944 0.729810950646723 65.5719527569044
0.71682609649974 -0.00403863106367628 0.697240300639655 -34.9168559304314 0.00661225940123874 0.999977632924103 -0.00100582161369838 -0.315246570415029 -0.697220643270519 0.00533133291394956 0.716836767672254 65.8924428118987
0.703542919021994 -0.00460084076343206 0.710637877795915 -34.4698047966211 0.0045689948964032 0.999987659290371 0.00195078256126699 -0.324436365927307 -0.710638083260143 0.00187444157930936 0.703555258021086 66.3315476455085
0.692310509899543 -0.00262535702242102 0.721594945508309 -33.983189522153 5.20183520265639e-05 0.999993560538024 0.00358833897165767 -0.326885753301169 -0.721599719496014 -0.00244670860326468 0.692306188359085 66.803663925075
0.682679153243909 -0.00137810240566956 0.730716959266677 -33.4996683616138 -0.00346273229571292 0.999980892171656 0.00512101324215651 -0.336454830937401 -0.73071005413312 -0.00602628619778412 0.682661336728128 67.2502012266513
0.670593198106799 -0.00234090289413138 0.741821597708327 -32.754730652428 -0.00211008414032962 0.999984956449568 0.00506304448695152 -0.34065681864503 -0.741822290173203 -0.00496054918294014 0.670578170502133 67.9795909014235
0.662163322713626 -0.00205707696519257 0.749356725790334 -32.2442288851372 -0.00234318520770474 0.999985659530874 0.00481562204543517 -0.344462644815838 -0.749355885768526 -0.00494460988970431 0.662149006868625 68.4045738803291
0.651062831080485 -0.00249310282218589 0.759019745740374 -31.7024634497643 -0.00265126483149134 0.999981035406943 0.00555874277621691 -0.346186848308573 -0.759019209757076 -0.00563145316742093 0.651043874063005 68.8684341918689
0.640271524128281 -0.00234246539079755 0.768145095829128 -31.1450899867291 -0.00403612394730917 0.99997128698996 0.00641364943892772 -0.353263101386889 -0.768138063823119 -0.00720680591777078 0.640243685524921 69.3283060402264
0.630549021720421 -0.000235082390037427 0.7761493902231 -30.5602084428508 -0.00438155625401927 0.999982941446629 0.00386248372699881 -0.36354061703994 -0.776137058239209 -0.00583622755025541 0.630537235439564 69.7989706154697
0.621971357074295 0.00463868243141468 0.783026253457992 -29.964629770333 -0.00592626469896656 0.99998169946672 -0.00121660115436456 -0.374280884016783 -0.783017567086382 -0.00388372977323386 0.621987464726719 70.2712668426877
0.611615461811492 0.0087132620147085 0.79110720255739 -29.0878742450033 -0.00489101890628792 0.999961885318974 -0.00723227788334165 -0.383882624187813 -0.791140066490868 0.000554052692960304 0.611634767012503 70.9994395289231
0.606695899593864 0.00841273206959204 0.794889496317015 -28.532346924438 -0.00419218702889372 0.999963954288141 -0.00738347427297597 -0.388994486694914 -0.794922959150072 0.00114719813030725 0.60670929855454 71.3851920670811
0.601446674846619 0.0041202555817571 0.798902322446172 -27.912775922248 -0.00542873726621747 0.999984691475594 -0.00107033927091777 -0.401691640540347 -0.798894502501826 -0.00369327881447997 0.601459835370541 71.8546457475841
0.597592290804679 -0.00051489299514649 0.801799968106772 -27.2888511233747 -0.00891699783199272 0.999933683269032 0.007288087107867 -0.416076181619409 -0.801750547938996 -0.0115049532476742 0.597548069137779 72.3294737258242
0.594186107108166 -0.00338436105600944 0.804320468606815 -26.668938328313 -0.00938477196286857 0.999893905202176 0.0111402152019612 -0.429162984300976 -0.804272836899798 -0.0141677252861431 0.594091305596512 72.7958336911281
0.589695484376928 -0.00287989101387239 0.807620543283298 -25.7458244044515 -0.00867012634609854 0.999913443300797 0.00989620207380033 -0.437806323914522 -0.807579138298287 -0.0128379178253726 0.589619473263312 73.5095943119269
0.58851485891075 -0.00280829062410408 0.808481523811788 -25.135422169142 -0.00821417611469769 0.999921584960308 0.0094525785488102 -0.446352848446568 -0.80844467228872 -0.012203992553065 0.588445642700962 73.9371032754587
0.586262856714352 -0.0057905550484457 0.81010019893181 -24.507374130947 -0.00635882275754212 0.999910757570274 0.0117491390484423 -0.450734369063659 -0.810095937658167 -0.0120393674033309 0.58617371607934 74.3932850677204
0.584420403888404 -0.00930387194876283 0.811397701183381 -23.8785485000758 -0.00398494489090896 0.999889301876876 0.0143354179008076 -0.456493319509145 -0.811441255873234 -0.011611285843325 0.584318634229591 74.8442417470539
0.581919298391416 -0.0119419132828281 0.81315885340245 -23.2596498042678 -0.0020921443201512 0.999866889043685 0.0161810730870008 -0.464633384878219 -0.813243846021466 -0.0111173243745343 0.581816854351063 75.2877305964227
0.578272107105971 -0.00865908891761184 0.815798008285346 -22.3339066923087 -0.00208657256133148 0.999924705902315 0.0120925076438102 -0.473416980620493 -0.815841293609344 -0.00869498161505824 0.578210498812108 75.9603601757386
0.577694413469229 -0.00107093430997751 0.816252422811808 -21.8019852000838 -0.0056739671337418 0.99996971057264 0.00532766686606674 -0.484206199476269 -0.816233404574579 -0.00770915280522319 0.577670838990179 76.3389599402928
0.576212575874228 0.00558308751647776 0.817280794181639 -21.1897511420273 -0.00657006840844441 0.999975999020078 -0.00219899634054939 -0.494029795522881 -0.817273455830725 -0.00410250138095517 0.576235427474677 76.7792525416137
0.575140503036564 0.00941609244488719 0.818000451692979 -20.5601376969229 -0.0076256554177616 0.999952018944931 -0.00614891758002353 -0.508197136871213 -0.818019101944629 -0.00270129802607889 0.575184711064782 77.2258875454191
0.57325803107389 0.00907688360802451 0.819324624305442 -19.9784213030073 -0.00929607794057804 0.999946330660934 -0.00457370010565958 -0.520210162311121 -0.819322166637892 -0.00499459524888535 0.573311644111726 77.6431710063129
0.570445367593181 0.00778915870203228 0.821298612928449 -18.9691907463119 -0.0119938127788248 0.999927407139387 -0.00115278208237068 -0.540618660474639 -0.821247971715308 -0.00919290260023955 0.570497379043301 78.3891511554993
0.568992111813771 0.00524375755655133 0.822326261103458 -18.4621275198679 -0.0152533351938478 0.999874930966854 0.00417829983281395 -0.56122522558206 -0.82220150356173 -0.0149206377449786 0.569000933312164 78.7288530688401
0.567127080747371 0.00211614453574259 0.823627583447318 -17.8453542664583 -0.0125253271132457 0.999903218604895 0.00605554326864989 -0.570464085988268 -0.823535057215946 -0.0137504674784586 0.567098698799823 79.1543011134518
0.566079232136345 0.000590576599530541 0.8243506257432 -17.2269009614737 -0.00973151282305443 0.999934848729397 0.00596623454886184 -0.582169166852561 -0.824293394733999 -0.0113995401572779 0.566048098558861 79.5815143378482
0.565129228775796 -0.000492640646701966 0.825002249747519 -16.6058485393461 -0.00811747356940594 0.999948093924522 0.00615760339453661 -0.594846829007972 -0.824962460604193 -0.0101767756144876 0.565095896137964 80.00854848119
0.564106080445608 0.000764476796409172 0.825701971403436 -15.9807790527564 -0.00781570671331332 0.999959715960472 0.00441374951978073 -0.603242600141858 -0.825665334583489 -0.00894326738276607 0.564089330900395 80.4410331323094
0.563256903437714 0.000776151179502294 0.826281464344387 -14.9349432147866 -0.00555181189891157 0.999980540837864 0.00284522938471614 -0.613824339018409 -0.82626317727126 -0.00618995435840245 0.563250251975659 81.1437159925448
0.562927175000585 2.93124814914641e-05 0.826506500147845 -14.4291837852778 -0.00466675986665067 0.99998417123513 0.00314302903868754 -0.62321883294175 -0.826493325440809 -0.00562640382210904 0.562918401353005 81.5032370528698
0.561976416029544 0.00107863118954327 0.827152552061194 -13.8072108256493 -0.00811387883735436 0.999958225108604 0.00420868243783688 -0.630652492242893 -0.827113458237019 -0.00907659586005502 0.56196169140858 81.9449917769102
0.561736427753764 0.00155996684960563 0.827314784249544 -13.1834471473472 -0.00780413764902109 0.999963721402239 0.00341340225295938 -0.641891119886758 -0.827279445634905 -0.00837391084341767 0.561728222939876 82.3837799560063
0.563469862599784 0.00178129497849295 0.826134699023095 -12.172292930402 -0.00734597799384664 0.999968944440965 0.00285425313119101 -0.654601026067118 -0.826103958681409 -0.00767705293863398 0.563465449081914 83.0750488182222
0.565091013158874 -9.46454168631497e-05 0.825028567923149 -11.6074527404309 -0.00493785179571816 0.999981694754672 0.00349682358962272 -0.662922045721994 -0.825013796531137 -0.00604989238073586 0.565080201684204 83.4574183018892
0.567361153598147 0.00105722274457069 0.823468398706258 -10.9697624285107 -0.00676531954980111 0.999971411381914 0.00337740584650405 -0.673205866746992 -0.823441286212422 -0.00748723573365252 0.567352085976512 83.9154391834211
0.569678002474782 0.00323454369240111 0.821861613182806 -10.3226044487496 -0.0103204172217742 0.999941564205199 0.00321825468656939 -0.686339574069482 -0.821803177460827 -0.0103153236479069 0.569678094728355 84.3793982907912
0.571682800365281 0.00747016582965992 0.820440718387982 -9.67168176274657 -0.0107963596817092 0.999940466770937 -0.0015816230726892 -0.699351605895049 -0.820403689889395 -0.00795358638591922 0.571729416839354 84.8456964171694
0.574029485213677 0.0114034645076517 0.818755220503994 -8.64685842113546 -0.0121322706189476 0.999911708442601 -0.00542063917151096 -0.712996895865452 -0.818744745396848 -0.00682175319267907 0.574117153173835 85.561248146777
0.575193215242253 0.0121328806467188 0.817927599697242 -8.00137316832176 -0.0111336141560609 0.999913497387004 -0.00700288362841474 -0.727811884226188 -0.817941811973873 -0.0050784791524269 0.575278542337879 86.03191791264
0.576952218021149 0.0111374087461688 0.816701962925826 -7.29490398660332 -0.011515287224298 0.999918564901577 -0.00550106583420827 -0.743464453986469 -0.816696722339828 -0.00623070554521204 0.577033484321136 86.5446944078158
0.578922168738182 0.00929372551096699 0.815329840745208 -6.65798285596318 -0.00947799282844184 0.999944185857087 -0.00466827832848335 -0.764680710026577 -0.815327719506349 -0.00502512056919866 0.578977942557263 86.9914409202811
0.580439788134551 0.00723700708316809 0.814271010216375 -5.94334231687279 -0.00866522618041144 0.999958782722423 -0.00271048178978625 -0.78340992768146 -0.814257063958036 -0.00548257099987092 0.580478574289931 87.4981074551908
0.581419905814903 0.00350911572636358 0.813596078671111 -4.98543634327367 -0.00717379446481191 0.999973937003504 0.000813625644379862 -0.792378247632316 -0.813572018812819 -0.00630962919128742 0.581429925944909 88.1903835848717
0.581857999176634 0.000467025181876052 0.813290262256744 -4.26744035877899 -0.00819062922386314 0.999952486538718 0.00528566532737418 -0.809748647832922 -0.813249151482546 -0.00973686564122665 0.581834178319222 88.7175390656394
0.581372280218935 -0.00140751170041427 0.813636461021659 -3.56275428883981 -0.00799146295130207 0.999940389796953 0.0074399847187754 -0.82046839219486 -0.813598431852554 -0.0108275465148316 0.581326376421658 89.2267120864203
0.579629618513796 0.000202813653979667 0.814880030561661 -2.86080063026142 -0.0111041766087772 0.999909086231635 0.00764961000692669 -0.830294417645577 -0.81480439530196 -0.0134825123044166 0.579579174279553 89.7378128707713
0.578788236627092 0.000779081652767192 0.815477510526121 -1.99284827933815 -0.0106951833486259 0.999920787439152 0.00663565371355133 -0.831249499568587 -0.815407744748135 -0.0125623198034923 0.5787507217498 90.3651508523589
0.577265801664633 0.00133553080732359 0.81655520975985 -1.2958217560786 -0.00836773936557343 0.999955829865434 0.00428010000360931 -0.839252938810943 -0.816513426200941 -0.00930347653265989 0.577251479130203 90.8727497337363
0.57584296105572 0.000509811710192919 0.81756016555028 -0.580907541621362 -0.00476044649629413 0.999984944092784 0.00272942061744933 -0.850106085353383 -0.817546464949691 -0.00546366907592203 0.575836718148897 91.3754433405007
0.574255886618598 8.84371643333195e-06 0.818675867853497 0.135331622534475 -0.0035420145169684 0.999990667365067 0.0024737251120756 -0.858688675224571 -0.81866820557357 -0.00432031301611446 0.574250558622622 91.8846071467311
0.573538680852614 -0.00359815454437436 0.81917057738283 1.06431450223414 -0.00111404586856822 0.999986002651913 0.00517236909455125 -0.873270395672318 -0.819177722150478 -0.00387914734475773 0.573526644322852 92.5177353629113
0.573040121618606 -0.00723044119086609 0.819495417763589 1.79055471385652 0.00168877816224463 0.999969374413167 0.00764187568976582 -0.885957094848035 -0.819525574368276 -0.00299515540907899 0.573034782539789 93.0328325876943
0.572238060916954 -0.00786865533158299 0.820049806963746 2.49776998046688 0.00225916702034116 0.999965299000491 0.00801853847233616 -0.898363032338435 -0.820084445531299 -0.00273588342786801 0.572235980290903 93.5330903082749
0.571229609875278 -0.00455211417663236 0.820777686744871 3.20150079493407 0.000787559768616137 0.999987200207562 0.00499791663124341 -0.914524328607465 -0.820789932047993 -0.00220854648239626 0.571225883316824 94.0386732965926
0.570591487007731 0.00201628120052342 0.821231568782172 4.1779663361092 -0.00213925992793014 0.999997242465833 -0.000968827998618306 -0.92619791096745 -0.821231257637742 -0.00120402277826056 0.570594226931786 94.7187682823372
0.569823853966166 0.00772237339847491 0.821730576527514 4.83281700301024 -0.00444864416991966 0.999970180315519 -0.00631253077599857 -0.946142362463223 -0.821754820500735 -5.85563234543095e-05 0.569841216090028 95.1892887452903
