0.999999830512193 -0.000561939262283441 -0.000152314970923496 0.010050119853466 0.000561806738513266 0.999999464853747 -0.000868714802449998 0.00071794268887094 0.000152803054367934 0.00086862908363639 0.999999611067295 0.0101487356313957
0.999872962350514 0.00158848417917591 0.0158598826735785 0.00977382870595275 -0.0015722797708229 0.999998229244137 -0.0010341396969523 -0.000229972009666934 -0.015861497304146 0.00100907214958067 0.999873689361145 0.127011804452048
0.999289880801025 0.00460138328072752 0.0373973448332416 0.0241503442977346 -0.00457992161721823 0.999989294611365 -0.000659530624250986 -0.00105231052331151 -0.0373999792333188 0.000487785370864066 0.999300256989249 0.278336526706884
0.997885481156521 0.00632128369626457 0.064688545117737 0.0509891460133757 -0.00637511522910944 0.999979482940891 0.000625781977954988 -0.00160372069578377 -0.0646832621536184 -0.00103685567929971 0.99790530639308 0.446669541620683
0.99508218300293 0.00617655490804182 0.0988599981771799 0.0912074076981203 -0.00648124216672677 0.999975184476184 0.00276114682656063 -0.00257996438967777 -0.0988404905395572 -0.00338830360055403 0.995097521265434 0.630123191755654
0.990648380163278 0.00312061835330573 0.136403990487688 0.157277719176657 -0.00380368300239105 0.999981497358756 0.0047473082644738 -0.00345660443177911 -0.136386652116289 -0.00522175078241305 0.990641920394689 0.818664034479463
0.984429568677059 0.000390498184466491 0.175779042623024 0.231406648945787 -0.0012842906397539 0.999986819705952 0.0049710171925175 -0.00203138293037547 -0.175774784630366 -0.0051193676898219 0.984417095119038 1.02081338313471
0.975701406842428 0.000708315030346516 0.219103315756574 0.32398080006285 -0.00207493207010752 0.999979803460544 0.00600727291838269 -0.00319643178183549 -0.219094635586113 -0.00631592913428262 0.97568317075604 1.21329446912537
0.963822625645176 0.000654782747211526 0.26654365037268 0.427653293362098 -0.00316326819413433 0.999954658306352 0.0089819299574019 -0.000413763822895642 -0.266525683619368 -0.00950013636647652 0.963780995548391 1.42898056044979
0.949591590930662 -0.00628875195392567 0.313426645377568 0.504951084303809 0.000552233851775629 0.99983077381342 0.0183880062385827 -0.0367567086540414 -0.31348924299176 -0.0172880112945127 0.949434368028635 1.50699301194047
0.931310961941456 -0.0128585484144701 0.363998008099429 0.703361657718819 0.00440047407050885 0.99970091725654 0.0240564308322737 -0.00304644394281732 -0.364198473357088 -0.0208022539429245 0.931089006612827 1.89107034310735
0.909687222634396 -0.0176599105692984 0.414918407080721 0.850564056137818 0.006559904243727 0.999581838275218 0.0281623196247795 -0.000181086590297285 -0.41524224812997 -0.0228970773029985 0.909422673578655 2.112461300362
0.883925004710271 -0.0183834644514038 0.467267197952854 1.01902243397725 0.00393698427898713 0.999484120112668 0.0318746576043385 0.0104555746781263 -0.46761211083839 -0.0263351832606264 0.883541380988969 2.38872108992108
0.854872096284436 -0.0198531901663261 0.518458821734642 1.15368200285176 0.0013281474468005 0.999348101836728 0.0360777962144001 0.00609091652439246 -0.518837098730047 -0.0301533115187688 0.854341174698867 2.54040890148226
0.821435777108369 -0.0243425857480378 0.569781276109937 1.31290634187605 0.00185093890755902 0.999197166747356 0.040019944892737 0.00338514970412474 -0.570298025694925 -0.0318191842000491 0.820821357790667 2.7820094622161
0.789232202462958 -0.0347888461961059 0.613108690833699 1.57488499609474 0.00720021575460571 0.998849663117331 0.0474078831364813 -0.0429881175771693 -0.614052674848466 -0.0330013131668852 0.78857480674994 2.8327642713748
0.757466400117099 -0.0319157628151305 0.652093579770244 1.78865236841735 0.00469096892161813 0.999044686065816 0.0434477853777617 -0.010261290686328 -0.652857294900056 -0.0298512868664646 0.756892497761867 3.17396325572858
0.71750307253814 -0.0349245519549226 0.695679248338684 2.06316080733647 0.00569294487149695 0.999002916833158 0.0442804983884936 0.00110891024490294 -0.696532074837203 -0.0278109300382277 0.716986485851296 3.39538420300743
0.675292251514501 -0.0368944805688126 0.736626888151684 2.3359229234724 0.0049974630894865 0.998954024951099 0.045451968017547 0.00747672769387664 -0.737533321557166 -0.0270120961340731 0.674770291473549 3.60338169618774
0.63257046319678 -0.0369541353614147 0.773620708726635 2.65881565703213 0.000328560948288187 0.998873782833744 0.0474453160502577 0.0222429245459511 -0.774502744435883 -0.0297583239967545 0.631870193168019 3.82687063146607
0.592443728587184 -0.0371548413876935 0.804754587572615 3.05444724067728 -0.00172199908117653 0.99887521911052 0.0473849276255092 0.0583068536699052 -0.805609994461885 -0.0294586898616632 0.591713378600446 4.06444217995279
0.544151989815375 -0.045497830346297 0.83775208708409 3.568422312251 -0.00258507212183446 0.99843283497477 0.0559034117596487 0.0571270388701287 -0.838982675257418 -0.0325856023118108 0.543181598675695 4.22353717288929
0.507439038058026 -0.0492103693386159 0.860281327360011 4.06197356051647 -0.00123380122641771 0.998325415272825 0.0578346172709268 0.129941521764398 -0.8616867762646 -0.0304089587111742 0.506528572580879 4.53313696186867
0.470164608550021 -0.0489084062652429 0.881222564772146 4.51481919247933 -0.00418600485197995 0.998328584938959 0.0576412513496555 0.155318524220142 -0.882568817843903 -0.0307896783089546 0.469174037516194 4.7499142217734
0.433691175663699 -0.0478565516782998 0.899789816908872 4.99346062176879 -0.00565661058666509 0.998424321280841 0.0558290017066708 0.18361979977315 -0.901043820747975 -0.0293023059903969 0.432737111830654 4.95973352953703
0.400158504023878 -0.0465057664618894 0.915265199460334 5.49531606367836 -0.00392508801590912 0.998615471752492 0.0524569657968733 0.214662856235781 -0.916437540338369 -0.024583597424689 0.399421934044966 5.15503165839354
0.370258604707334 -0.0449601706245956 0.927840044780125 6.03439832813662 -0.00175959180260055 0.998792294897796 0.0491004632308337 0.239937902509937 -0.92892705282862 -0.0198124887432519 0.36973232995362 5.3603652419485
0.345063662330087 -0.0432471748116356 0.93758239681116 6.59047234705539 0.000863245512726506 0.998952079282142 0.0457602240496113 0.285653611244725 -0.938578885201736 -0.0149808267027456 0.344739395898945 5.5490591691665
0.323921701106122 -0.0410588011764683 0.945192523456712 7.29399933822161 -0.00222370825669806 0.999022031473567 0.0441592091416596 0.244137617054154 -0.946081279105609 -0.0164059585632474 0.323513613082225 5.67124108208874
0.310680793708971 -0.0406515023722928 0.949644617620318 7.90705181705668 -0.000817809009382496 0.999073232829349 0.0430349466403583 0.31735198047399 -0.950513953400364 -0.0141467593034512 0.310359619783924 5.93526067653046
0.299694611081109 -0.0423738895400331 0.953093696115021 8.53964255901973 0.000173643552312613 0.999015553745332 0.0443609425375951 0.336572758080817 -0.954035172274513 -0.0131292368459158 0.299406935796391 6.11613217030111
0.289053692635641 -0.0443481542430956 0.95628510601647 9.19588957657809 -0.00100139072308626 0.998911836483613 0.046627675789756 0.359573545238464 -0.95731236281076 -0.0144355168998369 0.288694745122793 6.30541907970878
0.278659096227229 -0.0459231750262986 0.959291493804322 9.86268296653039 -0.00253217379466189 0.998817499001769 0.0485509194941315 0.38898855225689 -0.96038674302892 -0.015958248129289 0.278213296107405 6.49547642980977
0.268176642537054 -0.047717427980403 0.962187266317991 10.5464675672608 -0.00297095805757131 0.998726833553969 0.0503575748768973 0.420191343390233 -0.963365175728173 -0.0163633433685545 0.267693442557021 6.69323270450528
0.255669380760422 -0.0502695322391504 0.965456442243792 11.553972435852 -0.00496521605588033 0.998565754850599 0.0533083470872177 0.419277172104785 -0.966751526697063 -0.0184230119174326 0.25505308910262 6.9256002979733
0.24712863280237 -0.0517739745610762 0.9675985192255 12.249917476423 -0.0053282704977865 0.998483823666981 0.0547874384222212 0.465949075039485 -0.968968032693924 -0.0186951713957187 0.246478076476897 7.09614049345329
0.237111195267383 -0.0531053990055403 0.970029946793054 13.0061516798083 -0.00542156577761588 0.998416906523303 0.0559847067774438 0.498808443904081 -0.97146738890371 -0.0185336819034894 0.236447911667048 7.2736508106735
0.226972894319724 -0.0559713713296912 0.972291371367452 13.7863317835683 -0.0067912579319307 0.998231922946191 0.0590500366371728 0.533283069250407 -0.973877396831772 -0.0200058392131718 0.226191472733936 7.44776930045753
0.215919187628896 -0.0592647498029569 0.974610996164352 14.5684675604243 -0.00872270213080869 0.997999359699183 0.0626194259599804 0.577466978119136 -0.976372274740129 -0.0220219769960192 0.214970262241018 7.61584264731867
0.203935485120507 -0.0635915036365325 0.976916802278427 15.3624843668799 -0.00958002014322264 0.997710679190199 0.0669449314279107 0.602560835013259 -0.978937455163872 -0.0230113297111901 0.202859403484788 7.78337537355214
0.187511090784428 -0.0656835280312991 0.980063908619329 16.4830116306015 -0.0109182505605582 0.997560707731829 0.0689450955055417 0.644569479092422 -0.982201803417979 -0.0236285533821466 0.186336547213734 8.01662678788232
0.175442621012498 -0.0671359860470209 0.9821978650505 17.309097596066 -0.00826733746426465 0.997536452845214 0.0696611539973349 0.70308706002249 -0.984454944557402 -0.0203416966471004 0.174455373990028 8.15002068704943
0.161381407756665 -0.0661998347769269 0.984669296315258 18.1236046640008 -0.00961682024764091 0.997594800451084 0.0686449625339484 0.744212339773761 -0.986845255345944 -0.020547408315167 0.160356621356051 8.27749451358612
0.144884444193428 -0.0653253410272256 0.987289773901481 18.9446970596183 -0.0101120772649665 0.99766829993354 0.0674959939634057 0.782196914374047 -0.989396909093691 -0.0197626700472741 0.143886042229445 8.39599051064076
0.124907262611856 -0.0639602906056661 0.990104669705406 19.7655617321636 -0.0129176568334737 0.997730539932738 0.0660825531245521 0.81547734877412 -0.992084325996911 -0.0210440231696646 0.123797573482235 8.49599804993972
0.0993125335390541 -0.0626402513208906 0.993082685176068 20.6266791075836 -0.0174864400326989 0.997752607093619 0.0646835330889446 0.856047011452126 -0.994902630962969 -0.0237893663711632 0.0979939842573078 8.58510773517953
0.0658935170069812 -0.0608474783203116 0.995969692710833 21.6878289974981 -0.0252511597429165 0.997717646590139 0.0626248881377968 0.898510390407341 -0.997507104409833 -0.0292759639413129 0.0642066553187327 8.70408193550181
0.0357451155245103 -0.0613393293174664 0.997476703184101 22.5581323566604 -0.0277928032797456 0.997667483567173 0.0623470313535344 0.927456619317989 -0.998974397470722 -0.0299512756260672 0.0339569475421242 8.69299375317078
0.00150357265629664 -0.0608821960214822 0.998143826047564 23.4110461550857 -0.0295137450345454 0.997707434262748 0.0609000367067309 0.960996652593592 -0.999563243683612 -0.0295505300197332 -0.000296735993379871 8.68709660575048
-0.0321906075019991 -0.059764471001659 0.997693326024858 24.2656884747102 -0.0304088224847567 0.997807106785177 0.058790145127267 0.993272970703219 -0.999019053023386 -0.028446188758539 -0.0339373841268118 8.64894268759227
-0.0648759052123504 -0.0580290333342511 0.996204671848697 25.1077628959684 -0.0325893609270923 0.99789845739085 0.0560053773429483 1.02267966772948 -0.997361043192104 -0.0288322740562497 -0.0666306948448196 8.58844755689806
-0.101116790593113 -0.0541437187800585 0.99340014715965 26.1044319158553 -0.0357049604929746 0.998072227593877 0.050764005968706 1.0592480280938 -0.994233649831036 -0.0303362196468452 -0.102855059774397 8.51127520416763
-0.129771323227128 -0.0505400909776154 0.990255069601693 27.0593353451083 -0.0325539489629965 0.998378895021983 0.0466885679968719 1.07740947888307 -0.991009406653032 -0.0261778757476283 -0.131206229831311 8.38393779480025
-0.160983394794423 -0.0447155586083352 0.98594364211085 27.8899009123558 -0.0271300913994048 0.998796129192874 0.0408686976791852 1.09638423336807 -0.986584159988961 -0.0201695594319073 -0.162002728777018 8.22893300269128
-0.191346421717387 -0.0384996902770245 0.9807672102719 28.7303310939882 -0.0208553202510054 0.99916431134731 0.0351530161875719 1.11117216764151 -0.98130097447887 -0.0137278104018403 -0.191989439054317 8.04876945371507
-0.223966224707125 -0.0314630275181135 0.974088911799037 29.5916651856173 -0.0152433027211145 0.999469592854879 0.0287780242660007 1.13684589078365 -0.974477691849634 -0.00840302671044755 -0.224327031874256 7.82825548927423
-0.249137058832107 -0.0266307928311386 0.968102022924068 30.4767255211719 -0.00627895003348353 0.999645269196027 0.0258826304783547 1.12959883577887 -0.968447882285342 0.000369658202961002 -0.249215895660466 7.59654481400055
-0.275307943513636 -0.0162855588710864 0.961218142156373 31.2848710706256 -0.000407040801869496 0.999858389646182 0.0168236432418615 1.12717910055354 -0.961356006147608 0.00424042761996912 -0.275275585945288 7.34836952078311
-0.302990884892026 0.000327731254871184 0.952993397807441 32.1352775556192 0.00307736886982397 0.99999506358594 0.00063451130022971 1.12344109458385 -0.952988485488249 0.00312496335589098 -0.302990397753523 7.04385391668117
-0.325821791388963 0.0171857466000615 0.945274991930859 32.9249300273578 0.00536610558511219 0.999852283469617 -0.0163283848387339 1.10259022418249 -0.94541597467302 -0.000247698184977591 -0.325865882655231 6.77492453276516
-0.351041130243047 0.0319654522533051 0.935814262949612 33.6961985918908 0.00535830482885403 0.999469342181187 -0.0321297776099895 1.0737722503022 -0.936344708666123 -0.00626449536259505 -0.351026128159723 6.48359612943645
-0.375526194069555 0.0423857565109179 0.92584206277995 34.4629948505638 0.00921277812361469 0.999075064459919 -0.0420016701293489 1.03124734554716 -0.926765991114737 -0.0072431498263379 -0.375569347116765 6.16420547823833
-0.401015132824721 0.0471739991605298 0.914855987054123 35.4058594870153 0.0114227567071313 0.998853059323465 -0.0464982420029421 0.97544967424075 -0.916000209538612 -0.00819632133074417 -0.401094049372292 5.72791894012438
-0.422350249515834 0.0465545248315482 0.905236401693845 36.0924942281552 0.0158431006153724 0.998906780507803 -0.043979995661962 0.928741480425945 -0.906294247414604 -0.00423321074880168 -0.422626096011537 5.40749049184261
-0.442756743761398 0.0422079302541452 0.895647785950183 36.8325432092347 0.0191879962054444 0.999108702924848 -0.0375981454522412 0.878183540735351 -0.896436437599133 0.000538853866325052 -0.443172001576235 5.03396230578712
-0.460647903925176 0.0410707567167758 0.88663222451705 37.565810896409 0.0270411654303083 0.999114544600037 -0.0322320049148466 0.829492577252813 -0.887170944058423 0.00912796315567781 -0.46135062187789 4.63739455809618
-0.474665567970164 0.0413689290164467 0.879193499916596 38.2989783177347 0.0290877902942147 0.99908649538958 -0.0313061525257781 0.783920312579938 -0.879685454602588 0.0107138434840016 -0.475435289517342 4.23935959676263
-0.485909492907304 0.0458068464048021 0.872807938509392 39.298262931176 0.0319922931214155 0.998888596067065 -0.0346130875248204 0.718392801512538 -0.873423412717681 0.0111042996003492 -0.486834917242987 3.6687147149653
-0.495756501244183 0.048366427047487 0.867113706620295 39.9138058903558 0.0333634981946799 0.998771616809718 -0.0366351531116752 0.684551826856283 -0.867820470179369 0.0107678312562194 -0.496761195493063 3.32262180430684
-0.506656572389013 0.0477276408587537 0.86082587667488 40.6144940140478 0.0273922342158531 0.998853572714509 -0.0392581937960069 0.637121644692071 -0.861712703376062 0.00368952212607689 -0.507383094187026 2.92332986078379
-0.51803612425725 0.046304413985617 0.854104487290622 41.3177195221119 0.0266946763652188 0.998922462164216 -0.0379645734538926 0.592779281498093 -0.85494208471585 0.00313302237917012 -0.518714002078687 2.50894618740729
-0.526148657953815 0.0476800392012718 0.849054888446657 42.2757991644439 0.0284729546258549 0.998854866769395 -0.0384479646531396 0.522997523526262 -0.849915807941159 0.00394575631029686 -0.526903739234091 1.8942153217657
-0.53366542387826 0.0507516593026334 0.844171478098417 42.903864891969 0.0315601801254481 0.99869751836239 -0.0400901714545328 0.487233571738373 -0.845106602972244 0.00524746556291645 -0.534572065972287 1.50159659735418
-0.53720368750704 0.0535769354990362 0.841749196679968 43.6040939776502 0.032574540312041 0.998553834681498 -0.0427684295518942 0.443695572083028 -0.842823289576349 0.00444423507571705 -0.538172046210405 1.05651232165181
-0.536888687656303 0.055857073604506 0.841801950814462 44.3241018544115 0.0325354670774306 0.998434386790683 -0.0454996555587603 0.39858719024799 -0.843025492170164 0.00296016929468418 -0.537865463614276 0.598210559029873
-0.53319526655463 0.0560820678680037 0.844131274972907 45.2269957305334 0.0342994319272609 0.998412946986891 -0.0446669481654903 0.337781142472408 -0.845296608707976 0.00513701787032472 -0.534272640469448 0.0192190976588336
-0.527487640216153 0.0550200837875376 0.847779204627718 45.9889768259252 0.0326418639923199 0.998476393771056 -0.0444904461323269 0.288153206715971 -0.848935391024724 0.00420493305047009 -0.528479914853668 -0.441312991950745
-0.520659113548876 0.0535922752538185 0.852080955961121 46.743647473955 0.0305045114821773 0.998558403452184 -0.0441654805731724 0.239749535529102 -0.853219527588143 0.00299715334017266 -0.521543339344031 -0.891125382112596
-0.513579364213582 0.0530864535431177 0.856398309844308 47.5154835689997 0.0288596130495798 0.99858827422623 -0.0445935120001608 0.190875286023581 -0.857556621680809 0.0018130162973276 -0.514386385495674 -1.34548583153714
-0.507492488408522 0.0515570477772702 0.860112344425668 48.2854390262623 0.0258488296855419 0.998669968176528 -0.0446109029967009 0.139500713985251 -0.861268374093009 -0.000406800670455622 -0.50815019659585 -1.78562104015479
-0.50320730183939 0.0492181025362564 0.862762997443824 49.113902503645 0.0215430480695434 0.998780969237254 -0.0444125271670619 0.0873421851007945 -0.863897163124984 -0.0037621632370502 -0.50365418460724 -2.25564790467526
-0.501318180595596 0.0462564088851757 0.864025709363657 50.1735996939727 0.016797598799267 0.998902118756736 -0.0437309709231737 0.0187268506625844 -0.865099949415616 -0.00740957356074151 -0.501544789366561 -2.88313838344122
-0.501922886519882 0.0435407419133633 0.863815732538591 50.9417186020904 0.0134134882798626 0.999003825122614 -0.0425609647746891 -0.0273417988849138 -0.864808356989984 -0.00977554008841569 -0.502006916781297 -3.29041980733542
-0.502901426307248 0.0425218044086883 0.86329719770654 51.7870891824169 0.0123442891097069 0.999040640201981 -0.0420168746004768 -0.078632398583304 -0.864255618404944 -0.0104735559694632 -0.50294386434357 -3.77140545219991
-0.503307478981631 0.041819011909015 0.863094868391713 52.641441572667 0.0123319954259852 0.999074143943266 -0.0412162200212988 -0.129742786090116 -0.864019388376192 -0.0101007498228742 -0.503357200567398 -4.26498855661151
-0.503427330114748 0.0413117607841407 0.86304939703035 53.5132627534072 0.0121732405573258 0.999096310508114 -0.0407231450579111 -0.182859054248614 -0.863951813186285 -0.00999503626747435 -0.503475286128468 -4.76763847759454
-0.503369042414421 0.0403017410120322 0.863131146935498 54.6941485056465 0.0119500206374136 0.999140849442186 -0.0396832456171727 -0.260174472090965 -0.863988891216522 -0.00966088232753883 -0.503418179257662 -5.47814776303451
-0.503710870909026 0.0400438094358175 0.862943713027645 55.587148027085 0.0117263188457331 0.999149990324092 -0.0395194924270839 -0.308425138336068 -0.863792713545559 -0.00978724482344612 -0.503752278272136 -5.97907309443046
-0.503955322429975 0.0385018603476056 0.862871160570496 56.4937217172562 0.0100667759852309 0.999199952466947 -0.0387054907127362 -0.361272723929448 -0.863671056025246 -0.0108195073743679 -0.50393972382063 -6.49413857282245
-0.504053593507429 0.0376615679839387 0.862850845261936 57.3711844995427 0.00954220508636084 0.999230657985197 -0.0380399587875657 -0.422836754427526 -0.863619662348152 -0.0109406781993178 -0.504025178305808 -7.00254552021949
-0.503385515018944 0.0367097910017434 0.863281770057564 58.263376384787 0.00821903708611597 0.999255328202999 -0.0376992902757418 -0.481296585794742 -0.864022841537474 -0.011881931767432 -0.503312377156558 -7.51378675691125
-0.501897397343689 0.0352624253062156 0.864208055910818 59.3127576958008 0.00754591610577855 0.999309079883907 -0.0363926093005673 -0.551568391097876 -0.864894248847659 -0.0117441144026595 -0.501816713638696 -8.15166103253141
-0.499811535000497 0.0331612234653543 0.86549914080762 60.3505309540243 0.00813188019713423 0.999402424121095 -0.0335956423563796 -0.6129702378703 -0.866096012001503 -0.00975335425169962 -0.499782522779593 -8.72206720584589
-0.497391202649568 0.0316898020358856 0.866947373243465 61.2481060321416 0.00854356895106256 0.99946306743843 -0.0316320131534825 -0.669026500433997 -0.867484293204433 -0.00832666040438948 -0.497394881125766 -9.23161195644192
-0.494884158578038 0.0315198481281856 0.86838710766713 62.1266520542915 0.00903696766900184 0.999474556664437 -0.0311278620495588 -0.721042016789135 -0.868911964933074 -0.0075570996025633 -0.494908968843504 -9.73081120531992
-0.492913467638184 0.0317088284750288 0.869500352856537 63.0051824991444 0.00918595510523719 0.999469665906745 -0.0312410813043363 -0.773586033414341 -0.870029845263774 -0.00741195851315881 -0.492943334696082 -10.2215173349639
-0.492086987589685 0.0322184235254278 0.869949636375833 63.8890189590416 0.00895746716833802 0.999449404705822 -0.0319476323865499 -0.824569951662741 -0.870499948550738 -0.00792846887577587 -0.492104642280937 -10.7141653614779
-0.492696853432165 0.0334671169218216 0.869557222213113 64.9358244369085 0.00778713200336985 0.999389731182277 -0.0340518102687519 -0.895389410139793 -0.870166174470834 -0.010005862899226 -0.492656788763167 -11.3218143365372
-0.495859228171724 0.0352832982638706 0.86768583871155 65.9487431499405 0.00665874688672094 0.999299364597273 -0.0368298928234154 -0.952082930915529 -0.868377387388019 -0.0124847418518937 -0.495746754194166 -11.8791600937569
-0.500397016589672 0.0356693458579024 0.865060994123666 66.8347693308115 0.00524020976850185 0.999257462759401 -0.0381714988077155 -1.00816236768988 -0.865780206513026 -0.0145678030503803 -0.50021236802437 -12.381069334438
-0.505817175346127 0.0340059242195627 0.861970174798895 67.7190169634024 0.0060842510520637 0.99933848290163 -0.0358549645238069 -1.06645577141393 -0.862619247996473 -0.0128916139346999 -0.505689469216196 -12.8939698377026
-0.511477762807156 0.0314903191991181 0.858719312668886 68.5761967380801 0.00704624651390603 0.99944838921977 -0.0324540859688346 -1.12352783501075 -0.859267623365301 -0.0105487953219737 -0.511417514711223 -13.3970460767934
-0.516449274792993 0.0294453700590104 0.855811379188124 69.5612012878094 0.00506852259679816 0.999496231577528 -0.0313303868633235 -1.1876330371763 -0.85630278327498 -0.0118428562605353 -0.516338348480059 -13.9840136994389
-0.521623555427059 0.0325753174869451 0.852553643540545 70.5055825118096 0.00660220996280545 0.999395029918448 -0.03414652248637 -1.2411029108397 -0.853150207904353 -0.0121828923056008 -0.521523057867846 -14.5599624408037
-0.526718549984994 0.0339814352764324 0.849360248162262 71.3639452034413 0.00671655225579044 0.999335811659298 -0.0358165249716767 -1.2928192260387 -0.850013209913529 -0.0131604556078099 -0.526596947751024 -15.0821620641813
-0.531140166798379 0.0352958613929346 0.846548477868764 72.118491521869 0.00637681907214518 0.999270170494007 -0.0376624818539583 -1.35012179343012 -0.847259971550593 -0.0146057704147833 -0.530977600354929 -15.5826051065294
-0.535231201539901 0.0350319346722848 0.843978864931623 73.1146425121032 0.00443560958196832 0.999242436099407 -0.0386636685502001 -1.41272097022736 -0.844693960121528 -0.0169504410337946 -0.53498111768825 -16.1675039394218
-0.538692904582504 0.0342587899007489 0.841805375289919 73.9401630726417 0.00513267349558923 0.999287818948131 -0.0373832925873999 -1.46612633710479 -0.842486563818826 -0.015817402328569 -0.538485096885999 -16.6885850339948
-0.541148522534281 0.0272289411093688 0.84048608633637 74.7694281203719 0.00577625585630355 0.999572420631047 -0.0286637538028818 -1.51578910928771 -0.840907195490232 -0.0106564853423737 -0.54107441992105 -17.2163910025864
-0.542666857625995 0.0189113646631233 0.83973510223219 75.6404405839638 0.00620559468213703 0.999809489953463 -0.0185060636991312 -1.56939622065664 -0.839925099177879 -0.00483157174981816 -0.542680830401681 -17.7943470119875
-0.544655942627696 0.0171168456510887 0.838484894172395 76.5254286548764 0.0067216331003128 0.999848681419525 -0.0160447471809649 -1.61079425357757 -0.838632651289467 -0.00310287908129003 -0.544688579219912 -18.3428360438564
-0.545806665689242 0.0214733108899418 0.837635947538438 77.3298959501106 0.00619247841173088 0.999747642146667 -0.0215941018173796 -1.64426102912963 -0.837888260390556 -0.00659916218947642 -0.545801900104869 -18.8604424154344
-0.547241209524512 0.0281352826401579 0.836501921377893 78.136671876182 0.00824122953038356 0.999567524122209 -0.028228475977711 -1.68093587518662 -0.836934370625305 -0.00855398100039412 -0.5472364102242 -19.3804458602207
-0.547232388520143 0.032169122839007 0.836362278256443 78.9432402008061 0.0143714095673306 0.999474940608233 -0.029039725949425 -1.73027399130985 -0.836857320898603 -0.0038717737457851 -0.547407374654812 -19.9641902117717
-0.547193116079438 0.0332464902711705 0.836345840307658 79.8633556221882 0.017582703309126 0.999446908666009 -0.0282263228618569 -1.77904679989328 -0.836821690839582 -0.000740028788292495 -0.547475031483423 -20.5279156734489
-0.546714478534127 0.029707916581207 0.8367919207626 80.6584355094635 0.0161778076183693 0.999558618832925 -0.0249167826470066 -1.8224324361507 -0.837162802268365 -8.4907120903314e-05 -0.546953778018728 -21.0450527220105
-0.546247171311678 0.0249315287829924 0.837252916809809 81.4623640141369 0.0148717774315156 0.999688049843612 -0.0200657229100626 -1.8574123586674 -0.837492004779758 0.00149059465273708 -0.546447545568249 -21.5595258737637
-0.545508706827749 0.0181280791294711 0.837909078314701 82.2662639448822 0.0116370512518388 0.999833501865129 -0.0140551622642824 -1.89518690265656 -0.838024361109675 0.00208357749768636 -0.545628838031434 -22.0752683874374
-0.544652412523264 0.012368939218204 0.838570664210957 83.157372936044 0.0030269251291492 0.999913715627139 -0.0127827628074831 -1.93384190950987 -0.838656417883302 -0.00442387198574085 -0.544642857384362 -22.6650192059995
-0.543582242363816 0.00684732256542466 0.839327981161363 84.0033799747416 -0.00456423125251057 0.999927826458019 -0.0111134903615413 -1.96280242412685 -0.839343501541412 -0.00987198301393858 -0.543511757344377 -23.1595726196268
-0.541738214928051 0.00748268826474251 0.84051395935041 84.7879510479684 -0.0013873331752459 0.999951053098936 -0.0097962601532187 -1.99232526777791 -0.840546121157685 -0.0064730813884396 -0.541701317539572 -23.6591254970672
-0.538807473425726 0.0108931448650231 0.842358502049772 85.5655093481961 0.00263687268236301 0.999933305154618 -0.0112442049526814 -2.01948513556888 -0.842424805833163 -0.00383726953842401 -0.538800261580715 -24.1534572848029
-0.5331317726561 0.0144847499650356 0.845908213107673 86.3927225092613 0.00533800399569749 0.999891116899886 -0.0137571820530394 -2.05064909551223 -0.846015377341279 -0.00281892943312748 -0.533151043269114 -24.7343873102377
-0.525488798187634 0.0166039752269896 0.850638484308097 87.248099564961 0.0105602423055299 0.999859821595548 -0.0129930150991482 -2.08197995602898 -0.850734978863432 0.00215526461941706 -0.525590478007979 -25.2108955284445
-0.517280336724334 0.0198258227970854 0.855586342801694 88.0491099025223 0.0176438175781439 0.999766201971811 -0.0124994838345169 -2.11389091299609 -0.85563412095336 0.00863007214794509 -0.517509200802355 -25.7052534576248
-0.507210045821097 0.0188954547477309 0.861615303489926 88.8927596539676 0.015179745619289 0.99980039797874 -0.0129899778477987 -2.14516340781092 -0.861688774872398 0.00649045386926654 -0.507395633867179 -26.2438851172689
-0.49635703939946 0.0166424848187516 0.86795893747208 89.7482552030732 0.013146386146634 0.999845674264099 -0.0116533337140903 -2.16836978692593 -0.868018929499747 0.00562630912997033 -0.496499227265952 -26.6864806649417
-0.484889526281268 0.0135172310526688 0.874470943924037 90.5706977284478 0.0137738724885694 0.999874570759704 -0.0078181317951255 -2.19621979386577 -0.874466939191755 0.00825392105402565 -0.485014891573278 -27.1359972022678
-0.4738828939108 0.0126356445300371 0.88049721370714 91.3881260686908 0.0131335240264377 0.999887246014673 -0.00728050848778272 -2.22332059754471 -0.880489928054474 0.00811392288010155 -0.473995412266958 -27.5680877928973
-0.461863828100252 0.0117266320373779 0.886873322630488 92.2785074686503 0.0136416619298053 0.999888239322071 -0.00611669234157629 -2.25096434397967 -0.886845933267089 0.00927334710169635 -0.461972180635541 -28.0698258397529
-0.449991195724095 0.012717138440464 0.892942438324378 93.1288976963628 0.01484665442719 0.999866943705109 -0.00675808686870326 -2.27037692304231 -0.892909570238285 0.0102161282143193 -0.450120128522586 -28.4620806994948
-0.437954599859289 0.0166101373557305 0.898843630337955 93.9550318801413 0.0146558727190734 0.999828343236487 -0.0113353189555442 -2.30160262288464 -0.89887761895429 0.00820898276313019 -0.438122858049043 -28.8597209020185
-0.426217632794511 0.0260887959855168 0.904244383017705 94.7848466410469 0.017986079580688 0.999630855262985 -0.0203630584026406 -2.32972674278881 -0.904441833639047 0.00758471688451668 -0.426529531959302 -29.2502462637652
-0.413425822596024 0.0305341201260951 0.910025690142276 95.6830286490124 0.0176184897806573 0.999518717159272 -0.0255327802272495 -2.36451432681329 -0.910367331371601 0.00547736765329318 -0.413764812925098 -29.6853439388226
-0.401915882987401 0.0270932280973832 0.915275685241185 96.5598574202002 0.0164876183805008 0.999614250170828 -0.0223497045965165 -2.40211460268011 -0.915528143446501 0.00610801495379155 -0.402207546809763 -30.0420013878673
-0.390199313281755 0.0234917556398554 0.920430678178104 97.4177573797439 0.0155597810016762 0.999699944238373 -0.0189186338030629 -2.44284405140263 -0.920598929572279 0.00693966186149149 -0.390447758302723 -30.398014300042
-0.380272808468085 0.0242021488865281 0.924557649435161 98.2824325503416 0.0124168410528187 0.999701060290763 -0.0210621013147385 -2.48288906866948 -0.924791010552149 0.00347074095800914 -0.380459644061152 -30.7712917786633
-0.373014145134226 0.0287647343947398 0.927379662050545 99.1612166816354 0.00831962658592993 0.999582824513767 -0.0276579238293644 -2.52340724226405 -0.927788354821968 -0.00260134432175146 -0.373097844625866 -31.0896420257221
-0.368092995915622 0.0337159283548676 0.929177476337557 100.004953710094 0.00276580862140929 0.999377604177167 -0.0351675215472418 -2.56511702726295 -0.929784865794519 -0.0103749912903777 -0.367957148177873 -31.4076106341103
-0.365147860693979 0.0356165722423637 0.930267971937288 100.896421737726 -0.000240420616447259 0.999264241085848 -0.0383525577380755 -2.61318653011131 -0.930949505627742 -0.0142280100094749 -0.364870636942236 -31.7613766925749
-0.361126242182805 0.035493492540155 0.931841214582306 101.75916246602 -0.000842142673975178 0.999262557617657 -0.0383879113672036 -2.66481500204125 -0.932516556422803 -0.0146476254294534 -0.360830041801726 -32.0759185467535
-0.356174995553234 0.0357560711978358 0.933734906659888 102.60167878706 -0.000542407663665933 0.999259525690027 -0.0384721472193685 -2.71759443952631 -0.93441911278429 -0.0142092818339866 -0.355891862752132 -32.3903123398538
-0.350774420374237 0.0311005315298286 0.935943407984522 103.521754749815 -0.00468822148407617 0.999377525281101 -0.0349654478355074 -2.77050949809108 -0.936448250887594 -0.0166528946908182 -0.350410265985433 -32.7412805328504
-0.345350634249182 0.027498811551056 0.93807076214269 104.388762948749 -0.00459404018567751 0.999509102029472 -0.0309911238100623 -2.81219910164356 -0.938462484182751 -0.0150123390421926 -0.345054771678385 -33.04176457268
-0.339712537727167 0.0242835193673947 0.940215774382722 105.248071705577 -0.00670401740924323 0.999578719535768 -0.0282389731012275 -2.8600527612065 -0.94050542149503 -0.0158963561349341 -0.339406626334971 -33.3429939611156
-0.334195758824918 0.0226956601263003 0.942230386792354 106.13574934272 -0.0146736124765554 0.999463575551943 -0.0292787677646068 -2.90470792771122 -0.942389452339278 -0.0236107635699772 -0.333683460727854 -33.6456042720038
-0.327926616809907 0.0228387007942822 0.944427089686461 107.019786014639 -0.0217108659804721 0.999261498524783 -0.0317032469059982 -2.94498947040853 -0.944453689857786 -0.0309006684722832 -0.327188594547517 -33.9276864556379
-0.321255750883213 0.0269575256047657 0.946608701807527 107.882887749379 -0.020103634532141 0.999175341542072 -0.0352771984840315 -2.99426253162208 -0.946779058916631 -0.0303632782741266 -0.32044888036844 -34.2185420666219
-0.314128176849458 0.0303578473373631 0.948895088834523 108.74480683255 -0.0179688564195708 0.999119467419599 -0.0379131906089304 -3.03730129575384 -0.949210518646 -0.0289601610530328 -0.313306080955308 -34.4958773019089
-0.307489343313128 0.0284920390792078 0.951124864283323 109.604443388747 -0.0192956167036538 0.999159386106698 -0.0361690521152122 -3.08017121171455 -0.951355865554466 -0.0294741389016906 -0.306681092033918 -34.7661444772921
-0.300516169348709 0.023607978759828 0.953484501866105 110.521057381978 -0.0197938006445633 0.999323947677048 -0.0309814953674535 -3.1339613096822 -0.953571306938302 -0.0281835224561403 -0.299845713069143 -35.0549189475504
-0.293741473236324 0.0208270835792288 0.955657982486694 111.383757181433 -0.0211708187640132 0.999375622267469 -0.0282871357753193 -3.17499402400241 -0.955650429463523 -0.0285411668838865 -0.293117141189476 -35.3051351771565
-0.287407592139928 0.02412848591388 0.95750440842214 112.235055129443 -0.0231115078658012 0.999216876846598 -0.0321168371590196 -3.21592534004553 -0.95752949520341 -0.0313599935018116 -0.286624870908071 -35.5505112950354
-0.280732620295211 0.0269482729104055 0.959407622697116 113.173565722881 -0.0222810340889026 0.999153381392384 -0.0345843313090457 -3.27061236736562 -0.959527358349992 -0.0310855438960135 -0.279894511447751 -35.8243761538581
-0.274205565692552 0.0272944481640773 0.961283683853339 114.010257988881 -0.0248794039948303 0.999061221865865 -0.0354639284449301 -3.30637183862084 -0.961349220106871 -0.0336405716851482 -0.273269077900532 -36.0472997932027
-0.267284584517651 0.0266690820430886 0.963248519823522 114.866347643716 -0.0248340892229433 0.999094284346066 -0.0345525541673633 -3.35608122010247 -0.963297575462377 -0.0331567647698128 -0.266380198322446 -36.2746903736557
-0.258764026632331 0.0269999644888131 0.965563141611477 115.802390917603 -0.019577857935132 0.99925732713293 -0.0331888784056346 -3.40601965753651 -0.965742142603135 -0.027491745829522 -0.258043248141761 -36.5379556272088
-0.251354410879132 0.0278935484791227 0.967493105962439 116.669010384576 -0.0175836464092893 0.999288093901015 -0.0333784476366136 -3.44915467253417 -0.967735385066888 -0.0254018767204295 -0.250684999847463 -36.7566622576754
-0.244730004728654 0.0285319221566461 0.969171375043423 117.533394707533 -0.0161828261040138 0.999307508491397 -0.0335055161429338 -3.49467045177066 -0.969456208874233 -0.0238837369514118 -0.244098804143804 -36.9692680238324
-0.238140729302925 0.0271821592645925 0.9708502063989 118.401927956132 -0.022408712204649 0.99918840023675 -0.0334722340104969 -3.54060405154049 -0.97097211219705 -0.0297266050876749 -0.237338337159341 -37.1668582739817
-0.232128875934736 0.0255640324684856 0.972349044942826 119.360262534702 -0.0262701592863011 0.999125147871176 -0.0325394779072109 -3.59086370408141 -0.972330223580625 -0.0330971167226348 -0.231254226288515 -37.3903457866704
-0.227654656680369 0.0257995794666581 0.973400091941174 120.219486134695 -0.0229575064637668 0.99922886071487 -0.0318533642089604 -3.6291676847559 -0.973471268291319 -0.0295984055956763 -0.226886809218792 -37.5833616079188
-0.222905616919734 0.0261374612036662 0.974489568475445 121.093433219256 -0.0216831741853552 0.99926024415721 -0.0317616813805531 -3.67087953790129 -0.974598853838276 -0.028209884237605 -0.222173978063185 -37.7834583852746
-0.218135071273989 0.0274509958350927 0.975532435907671 121.981771912664 -0.0208403425564192 0.999245347015687 -0.0327782944893373 -3.71367273509057 -0.975696044269127 -0.0274805257438853 -0.217398366834751 -37.9772671417561
-0.212176031535459 0.0265071904803146 0.976871895641749 122.914117200863 -0.014716550275609 0.999432026991804 -0.0303157808911212 -3.76318786438291 -0.9771206449512 -0.0208084664474178 -0.211665426875192 -38.1820124523872
-0.206659883664011 0.0255487910805879 0.978079215482211 123.800938031455 -0.00701486429539177 0.999594627259267 -0.0275929852195295 -3.80115620907413 -0.97838769624464 -0.0125634560821617 -0.206396888078229 -38.3765802960034
-0.201997168455393 0.0247283422328394 0.97907387516286 124.67417373425 -0.00530835055952559 0.999638870268646 -0.026342939516341 -3.84315133798215 -0.979371719701126 -0.0105184665441302 -0.201792954562886 -38.5548961622255
-0.197645298857524 0.0264375035020922 0.979917034369797 125.569067488755 -0.00662399738843426 0.999577414941069 -0.0283039608240126 -3.88452947756822 -0.980251222135488 -0.0120851126724614 -0.197386654953104 -38.7297186190543
-0.194241595154904 0.0278223524014872 0.980559085123648 126.490614183496 -0.00939823911252694 0.999499042244765 -0.0302214766909333 -3.92765228191528 -0.980908699020078 -0.0150857965863364 -0.19388280720088 -38.9049951872308
-0.192264456182636 0.027223052790211 0.980965485776935 127.37603594642 -0.0111810343514322 0.99948950298901 -0.0299285463331226 -3.96946179285932 -0.981279452225322 -0.0167224044791159 -0.191861923864037 -39.0699864027643
-0.191282294209735 0.0261019299026224 0.981187939783821 128.246207380942 -0.0119974138198724 0.99950948980704 -0.0289282188754294 -4.0082783920535 -0.981461739439442 -0.017305173822548 -0.190875312640153 -39.232449945004
-0.190254961758571 0.021692881054493 0.981495017021381 129.126213866106 -0.0108097319861909 0.999648947343512 -0.0241894970885093 -4.04440343520126 -0.981675200471435 -0.0152118699233164 -0.189953678018629 -39.4008440950939
-0.189575011121714 0.0160622475218447 0.981734851863144 130.090240611477 -0.0126414243695399 0.999743382401137 -0.0187979715672514 -4.09052200435524 -0.98178485909496 -0.0159741525496967 -0.189323313150303 -39.5815166330379
-0.188501432946037 0.0143302568953824 0.981968356676835 130.935615018995 -0.0113157344099595 0.999795463520765 -0.0167626154898815 -4.12383356566009 -0.982007720912649 -0.0142714701629055 -0.188300720145557 -39.7372754068372
-0.187213818797388 0.018967110109693 0.982136057165903 131.790624625537 -0.0116945427986354 0.999699684794824 -0.0215355030092109 -4.15721088875377 -0.982249573031228 -0.0155173759126867 -0.18693578396004 -39.8956492256163
-0.187528752761521 0.0225879385790247 0.981999364520395 132.646788310771 -0.0119058744145595 0.999609847542924 -0.0252666351071454 -4.18881758267377 -0.982186956257378 -0.0164297816772804 -0.187186658797853 -40.0487515206265
-0.187349400910781 0.0217110296313216 0.982053375927561 133.566761689657 -0.0149903890788687 0.999576098851637 -0.0249581818209464 -4.22991521376937 -0.982178950198809 -0.0193972626133473 -0.186944526503113 -40.2198642740771
-0.186519626443684 0.0210854634440084 0.982224939707122 134.426744207183 -0.016348805135273 0.999564611401793 -0.0245622516034488 -4.26979648112168 -0.982315196625786 -0.0206395461319681 -0.186093695791955 -40.377479959327
