0.999999999706066 1.16846361196147e-05 2.12446987199966e-05 -0.000221533823677365 -1.1684812568339e-05 0.999999999897242 8.30543622770004e-06 -0.000115799209893953 -2.12446016718134e-05 -8.30568446558141e-06 0.999999999739841 0.000145485217104498
0.99999784352178 0.000803107920868023 0.00191519436513107 -0.00905323902313403 -0.000801332096944395 0.999999248511657 -0.000927816249333158 -0.0198560604999213 -0.00191593806246378 0.000926279541800958 0.999997735591212 1.21505332315985
0.999994852325545 0.00107533226064627 0.00302307508025458 -0.00950692427000172 -0.00107424379271299 0.999999357603146 -0.000361653935652841 -0.0428198519306426 -0.00302346203638486 0.000358404554336246 0.999995365101004 2.42340043111591
0.99999203742749 0.000521554081073866 0.00395639519746179 -0.00875597948917775 -0.000521875330499958 0.999999860609801 8.01655647703692e-05 -0.0656326434515382 -0.00395635283530161 -8.22296714975107e-05 0.999992170224609 3.61938026375508
0.999987519734886 0.000410289404017469 0.00497916027812747 -0.00795240826852115 -0.000410606206339397 0.999999913741664 6.26035759214756e-05 -0.0888622302781209 -0.00497913416304953 -6.46472687248087e-05 0.999987601945003 4.81893413164531
0.999982731643857 -0.000104030563067344 0.00587584817126918 -0.00946024790422177 0.000103549106556551 0.999999991256887 8.22423776120171e-05 -0.107211094225078 -0.00587585667561683 -8.16325185929536e-05 0.999982733673167 6.02997415607214
0.999977615027153 0.000184016255900561 0.00668846638803126 -0.00849314043695801 -0.000178475389481811 0.999999640445665 -0.000829008490134166 -0.129682579513364 -0.00668861653420263 0.000827796206157985 0.99997728832324 7.2300135734336
0.999971267809048 0.000213192195325735 0.00757747355348245 -0.00604873311442686 -0.000204150716271529 0.999999266392619 -0.00119395842009138 -0.153652638792839 -0.00757772253720863 0.00119237716839659 0.999970577746084 8.43309034263475
0.999971425313626 -0.000503788927889125 0.00754286105874483 -0.00114936339697923 0.000501163377044875 0.999999813178014 0.000349970295245216 -0.172683377975942 -0.00754303596073238 -0.000346180089233009 0.999971490977538 9.64099132791412
0.999980032394328 -0.00124492365116364 0.00619556113209127 0.00328531151259735 0.00123685925591992 0.999998383181373 0.00130530219514482 -0.195015497497737 -0.00619717611656728 -0.00129761309425346 0.999979955403326 10.8378057073642
0.999989790858578 -0.00197960923853081 0.0040619362230271 0.00167692304128649 0.00197610860178266 0.999997672822045 0.000865647322926032 -0.220625634672013 -0.00406364041361644 -0.000857611658299875 0.999991375627226 12.0385629879597
0.999996080607326 -0.00196764860272754 0.00199176528789625 -0.00464154668464009 0.00196688270039645 0.999997991023915 0.000386420208458455 -0.238277648617457 -0.00199252162567066 -0.000382501125237907 0.999997941773112 13.2335655471201
0.999998306768757 -0.00164391985774152 0.000827035138442516 -0.0127397883380926 0.00164368778933637 0.999998609606324 0.00028120431899988 -0.261339036710165 -0.000827496265902176 -0.000279844455297532 0.999999618468433 14.428502309956
0.999999995115052 9.88186935016562e-05 2.1821824924419e-06 -0.0163025074076334 -9.881900201275e-05 0.999999985059147 0.000141832685725933 -0.284796043353126 -2.16816673913897e-06 -0.000141832900674184 0.999999989939364 15.6435618168634
0.9999997609871 -0.000236939189901716 -0.00064952718415473 -0.0257873536147783 0.000237113083959336 0.999999936067717 0.000267660133154258 -0.305209775037666 0.000649463723453856 -0.000267814080573784 0.999999753236215 16.8380549255296
0.999999185394162 -0.000746739343005748 -0.00103517697372609 -0.0350180857782828 0.00074750444543196 0.999999447622 0.000738913254955609 -0.327268843699148 0.00103462462631856 -0.000739686452422226 0.99999919120759 18.0297899150791
0.999998194024877 -0.00107389708748596 -0.0015680216930944 -0.0361729048435141 0.00107524675424821 0.999999051987755 0.000860155804536743 -0.348992626567958 0.00156709648777736 -0.000861840261352849 0.999998400718702 19.2483245468444
0.999997377045831 -0.000689539157913474 -0.00218413305617209 -0.0497780786498337 0.000689326355766974 0.999999757594682 -9.81822372833054e-05 -0.368201500431786 0.00218420022722384 9.66763992756756e-05 0.999997609958664 20.4600198476106
0.999996100179533 -0.000963652806633163 -0.00262125904723578 -0.0618715223868305 0.000960919264884583 0.999998993458195 -0.00104389499666015 -0.387415968238781 0.00262226236117233 0.00104137210734033 0.9999960196342 21.6705451180972
0.999993942282442 -0.000142115021253166 -0.00347781565665421 -0.0732335449130104 0.00014072958639562 0.99999991065462 -0.000398604985764543 -0.412101125795641 0.00347787199368348 0.000398113139569201 0.999993872937391 22.8663267067419
0.999990885908143 -0.000231658688692524 -0.00426314847267573 -0.077428560684368 0.000229391252347971 0.999999831991423 -0.000532350241000909 -0.437876416650452 0.00426327107998897 0.00053136746014482 0.999990771041574 24.0668285867306
0.999986907573082 -0.000196554264701554 -0.00511332072589658 -0.0904263357587307 0.000190046411039455 0.999999171446859 -0.00127318025294627 -0.458052894789388 0.00511356673824709 0.0012721918156744 0.999986116385221 25.2921477588326
0.999982096123879 0.000206550983810863 -0.00598036523845216 -0.106130311792076 -0.000209975408595255 0.999999814369379 -0.000571989103755846 -0.480651482959284 0.00598024598340114 0.000573234592568283 0.999981953867208 26.4855480234258
0.999977287257549 -0.00108571966637016 -0.00665178035108054 -0.119834160779768 0.00109349060304184 0.999998723847719 0.00116472367335586 -0.502225053558687 0.00665050729899782 -0.00117197087859445 0.999977198358505 27.6931462655997
0.99997177291665 -0.00140184438921028 -0.00738161244174775 -0.13575402651382 0.00141119442005309 0.999998208434959 0.00126160896541018 -0.523045759974982 0.00737983063765941 -0.00127199024415755 0.999971959677159 28.8955730849185
0.999962568866762 -0.00217144627499697 -0.00837530217126454 -0.146733690833242 0.00217562182835734 0.999997513537942 0.000489476857645143 -0.546110710869103 0.00837421847369424 -0.00050768002619456 0.99996480674369 30.1037855805964
0.99995527919405 -0.00262424289928968 -0.00908586601012764 -0.16451492338616 0.00261833119282818 0.99999635272257 -0.000662482694999346 -0.56343321620498 0.00908757138696186 0.000638663261851124 0.999958503216771 31.3060077858068
0.999950272736241 -0.00207953083450902 -0.00975333820935342 -0.182411472259844 0.00207345914169999 0.999997650292552 -0.000632595100994249 -0.585348672325797 0.00975463079288027 0.000612340495498533 0.999952234967857 32.51030242498
0.999941324650113 -0.00271666295042143 -0.0104865151213559 -0.201665892651891 0.0027164409106995 0.999996309840392 -3.54171923299535e-05 -0.610513504455301 0.0104865726410156 6.9291155274814e-06 0.999945014361406 33.7194788803887
0.999935439830156 -0.00314480315225305 -0.0109190835149716 -0.220965797241217 0.00314789231873481 0.999995010065819 0.000265739370504223 -0.629081428888104 0.0109181933314535 -0.000300094313449732 0.999940349719812 34.9217756183271
0.999927100319753 -0.00366854382696834 -0.0115037312346703 -0.240620705542117 0.00367003545223176 0.999993259504879 0.000108556835060383 -0.648725858711231 0.0115032554483189 -0.000150768022766004 0.999933824001916 36.1294677350818
0.999922854977463 -0.00377871259040506 -0.0118323888069249 -0.265024634927404 0.00377908237726173 0.999992859203149 8.89359555334767e-06 -0.668089826318856 0.0118322707078987 -5.36084814778773e-05 0.999929994797649 37.3323069184158
0.999914894583825 -0.00444554600916878 -0.0122654274323245 -0.279531394017506 0.0044543352193154 0.999989841789474 0.000689358844844073 -0.700266651638745 0.0122622382610689 -0.00074393450206445 0.999924539189976 38.5548630177904
0.999918072648534 -0.00443885626939197 -0.0120060212335434 -0.302466816011592 0.00446147786921403 0.99998832134364 0.00185806123441512 -0.713951689595322 0.0119976333525878 -0.00191147360641009 0.999926198807986 39.7549666207676
0.999921228324246 -0.00392049543616334 -0.011923374609 -0.323374286668003 0.00395255412333023 0.999988633880231 0.00266635073696067 -0.733865656130885 0.0119127856706007 -0.00271326848751978 0.999925359070206 40.9643556986424
0.999923415142069 -0.00323583235140584 -0.0119454275610416 -0.34428228588649 0.00326236189847144 0.999992253893401 0.00220207811825853 -0.753177901081426 0.011938209474871 -0.00224087978015479 0.999926226084877 42.1752640719032
0.999929276539948 -0.00174680397206623 -0.0117639531697015 -0.36754652875784 0.00177432247919797 0.999995713312342 0.00232919228039398 -0.777756129928441 0.0117598340989815 -0.00234990059841001 0.999928089549015 43.3916147257435
0.999937945092627 0.000714784032090825 -0.0111173309621271 -0.392761812874827 -0.000669164521835828 0.999991343836297 0.00410663747129166 -0.790700671167793 0.0111201700875804 -0.0040989433108264 0.999929767774196 44.628442070136
0.999954249826582 0.000819457821401376 -0.00953030653424046 -0.41212990482776 -0.000751739174278995 0.999974462226734 0.00710702346756393 -0.805518675642475 0.00953588705740041 -0.00709953401524312 0.999929329240219 45.8423230936346
0.999969620457753 0.00152885349461894 -0.00764334799473472 -0.431453368965224 -0.00145299301145639 0.999949732465474 0.00992075367777831 -0.817901946353226 0.00765813116140503 -0.00990934655860236 0.999921575863776 47.0562617194248
0.999979146537662 0.00214770570999601 -0.00609047206639027 -0.442803831820939 -0.00206656483988515 0.999909445682115 0.0132977345983199 -0.833036450481045 0.00611848016837353 -0.0132848709390816 0.999893032481255 48.2553936748068
0.999987197265735 0.00138115480390742 -0.00486802999461028 -0.457607173420353 -0.0013098733919952 0.999892327565652 0.0146156596512342 -0.835230774291722 0.00488769233050985 -0.0146090960278662 0.999881335347816 49.4856510024977
0.999994481103871 -0.000445201167534253 -0.00329234835955974 -0.466472756280777 0.000488121083103295 0.999914765531728 0.0130469693583759 -0.838307549412493 0.00328625921200682 -0.0130485044181544 0.999909464418075 50.6983708028181
0.999997676427153 0.0006980545719034 -0.00203957351162672 -0.473177707759214 -0.000674945570100271 0.99993582212913 0.011309114528437 -0.849839473663923 0.00204733699524202 -0.011307711649779 0.999933969854247 51.9077385782502
0.999998729197628 0.00118024068847294 -0.00107174392787893 -0.488814381302384 -0.00116861394243674 0.999941157084978 0.0107850224390022 -0.850643510167489 0.00108440978565066 -0.0107837562784733 0.999941265603107 53.1338219164084
0.999999143253806 0.000782156747529361 -0.00104962968531443 -0.496184479265311 -0.000771276001543333 0.999946378250897 0.0103269432187262 -0.860019884749774 0.00105765069065467 -0.0103261248169701 0.999946124809372 54.3360363557301
0.999998115827557 -6.06769118075453e-05 -0.00194027308581757 -0.499382899114164 7.86861591497845e-05 0.999956908171972 0.00928308179639871 -0.875083224533737 0.00193962620716796 -0.00928321697810863 0.999955028855155 55.5580259175323
0.999993796632391 0.000313334845119347 -0.00350834975607816 -0.513226621347239 -0.000279664833303189 0.999953942316419 0.00959348911677461 -0.88096448931534 0.00351119414404176 -0.00959244844278527 0.99994782686326 56.7713138219805
0.999988076555331 0.000304557916044714 -0.00487380668932985 -0.52671192366443 -0.000251343103421187 0.999940393420185 0.0109154218118358 -0.892782725401029 0.00487684055650219 -0.010914066664709 0.999928547234764 57.9976721066077
0.999981924565547 0.000128544675616824 -0.00601115782946873 -0.534921520863248 -6.0433141210743e-05 0.999935815512894 0.0113296602949633 -0.905274215072147 0.006012228373894 -0.0113290922332813 0.999917749006962 59.2132085705313
0.999976012106771 0.00124440469798589 -0.00681371176277612 -0.555912661314288 -0.0011696211179914 0.999939160580352 0.0109684604343903 -0.912084150256873 0.00682694642420105 -0.0109602278629629 0.999916629628547 60.4291006118518
0.999971216101812 0.00154801190878215 -0.00742769324843289 -0.57298080135496 -0.00146740566189653 0.999940110988381 0.0108453288178804 -0.922522355364975 0.00744403710939037 -0.0108341172079124 0.999913600375472 61.6433950213234
0.99997041776767 0.000727535145809724 -0.00765730253825404 -0.581846802428814 -0.000647204619747603 0.99994479035624 0.0104879628906025 -0.935412857902497 0.00766451014291961 -0.0104826967916701 0.999915680621243 62.8598448816651
0.999969152545111 -0.000473904472672912 -0.00784024060626589 -0.600747249146139 0.000547713596315897 0.999955530981605 0.00941467307524366 -0.943904960295589 0.00783543030278304 -0.00941867686291911 0.999924944462394 64.08865708151
0.999966178712797 -0.000765191029281774 -0.00818876750275764 -0.618732401339736 0.000852539315437688 0.999942724661554 0.0106686725108061 -0.952404679907369 0.00818013491582785 -0.0106752929288101 0.999909557666914 65.3007939922089
0.99996331534187 -0.000977470470434293 -0.00850955474601234 -0.628063118875884 0.00108190477399182 0.999924053754603 0.0122766528427275 -0.966224199110012 0.00849690841164985 -0.0122854090058193 0.999888429412504 66.5276104382278
0.999961535805221 -0.00045718070666689 -0.00875887526255994 -0.647408405368678 0.000549895770456961 0.999943817773769 0.0105857881454565 -0.975081812098117 0.00875354355134344 -0.0105901974401002 0.999905607141731 67.7391637878095
0.999960165245384 0.00125494501342575 -0.00883702639107995 -0.66747227287982 -0.00117225719286353 0.999955545069475 0.00935594452110269 -0.982430818546223 0.00884837473760834 -0.00934521256159803 0.99991718320403 68.9431515297296
0.999954068098813 0.00351180377451712 -0.0089178992415716 -0.685008132021308 -0.0034237775579853 0.9999454596148 0.00986689125209055 -0.997361148312718 0.00895206344185363 -0.00983590514372888 0.999911553853708 70.1389114228109
0.999948700573019 0.00523945667931321 -0.00866858212373119 -0.709114807595105 -0.00515281089219218 0.999936845167001 0.00998770330831044 -1.00595103479591 0.00872036479968455 -0.00994252338046685 0.999912546909273 71.3522981889811
0.999941668358939 0.00677624015207158 -0.0084108530448882 -0.72891564998838 -0.00668834072968883 0.999923183272683 0.0104352121256984 -1.01649273141335 0.00848091845408489 -0.0103783487716588 0.999910177915471 72.5505605935721
0.999945699312396 0.00726159518440026 -0.00747446734034606 -0.743499810889985 -0.00717557990246578 0.999908458542883 0.0114710761247366 -1.02733273301752 0.00755708142786183 -0.0114168195997864 0.999906268982507 73.7508302537705
0.999943720986612 0.00911099150465588 -0.00543550303562668 -0.759357133504914 -0.00904379501957133 0.999883924872977 0.0122615884882212 -1.03953281166224 0.00554658733747116 -0.012211740842836 0.999910050331776 74.9867685211628
0.999965805451488 0.00779029033193874 -0.00277476202585863 -0.76796390575323 -0.00776204624190699 0.999919388337416 0.010048256817346 -1.0480380996776 0.00285281718561545 -0.0100263753905858 0.999945665139178 76.1528529429732
0.99998805221638 0.00487399426219164 -0.000373636751488139 -0.771120368880232 -0.00487206192514014 0.999975586066771 0.00500902016525655 -1.05954109054775 0.000398041565090099 -0.00500713993717671 0.999987384976712 77.3397028097816
0.999979252186873 0.00607423215103085 0.00214450450177001 -0.779319041347555 -0.00608375284024543 0.999971541872077 0.00446132237784174 -1.06945832114329 -0.00211734436536297 -0.00447427645051231 0.999987748776495 78.5209365919751
0.999976113087507 0.00494228652233361 0.00483187937889233 -0.773286057221869 -0.00498208616136165 0.999953475817921 0.00825984365095504 -1.09577650148472 -0.00479083206570362 -0.0082837191881795 0.999954212914036 79.772118398702
0.999952256914986 0.00530971365205666 0.00820309889976579 -0.774031626191341 -0.00538749411042054 0.999940464945755 0.0094890184570458 -1.10302681467993 -0.00815222655698182 -0.00953275956904059 0.999921330754156 80.9328425777589
0.999908422148105 0.00557406061606017 0.0123319570845738 -0.767318871976562 -0.00566835815424755 0.999954864232376 0.00762490746470026 -1.11382262661601 -0.0122888987758244 -0.00769411114155191 0.999894886285863 82.1063086516778
0.999866964031058 0.00466359175833449 0.0156302639525558 -0.752379476094042 -0.00473800000279811 0.999977603734457 0.00472687904094719 -1.13618723797548 -0.0156078696588758 -0.00480030638666485 0.999866666842787 83.3523972888833
0.999806947332215 0.00342767257762002 0.0193473286770798 -0.744047963429672 -0.0034510665550977 0.999993353677476 0.00117589987071004 -1.14847578475442 -0.0193431694887526 -0.0012424417790309 0.999812131418976 84.487111164921
0.999746337448433 0.00280647565505302 0.022346911483258 -0.714957396450108 -0.00281452247359445 0.999995985220586 0.000328642594549485 -1.17396767823927 -0.022345899437897 -0.000391455114815454 0.999750222576221 85.7272735313244
0.999653258803589 0.00258218823276985 0.0262048557961298 -0.695995492426152 -0.00263603376642504 0.999994484526864 0.00202045584814415 -1.193574509577 -0.0261994940666357 -0.00208883215758896 0.999654551978267 86.8821417801134
0.999540221595371 0.00369581773671201 0.030094623179803 -0.67285690753181 -0.00377291362718958 0.999989743992402 0.00250540072070562 -1.21587835014582 -0.0300850550246979 -0.00261779320545951 0.999543914304366 88.0445664328289
0.999425632000876 0.00324953432069363 0.0337319822475442 -0.642272119942389 -0.00326428998053404 0.999994599085104 0.000382376182324286 -1.23645952016597 -0.033730557519451 -0.000492267529355742 0.999430841610417 89.215218741744
0.999322843667885 0.00297872549140813 0.0366739869386856 -0.593854200277895 -0.00291509338324312 0.999994151866825 -0.00178842464645235 -1.26146423183433 -0.0366790996904098 0.00168030550671638 0.999325682757781 90.4295288726736
0.99918997279725 0.00334688551905916 0.0401023268496087 -0.558142982605371 -0.00325975378962545 0.999992182814804 -0.0022379263874189 -1.28278286159401 -0.0401095034457116 0.00210538989424653 0.999193071966941 91.5864424181925
0.999075451534352 0.00193796780553383 0.0429474844690169 -0.514775095125188 -0.0018954338964754 0.999997672110861 -0.0010310689609049 -1.30495729821319 -0.0429493826704858 0.000948711569848196 0.999076799087328 92.7534743914555
0.998948920862074 0.00134684437413677 0.0458174586673054 -0.470871266170649 -0.0013666047474764 0.999998986209661 0.000399963890416478 -1.32488663741879 -0.0458168735288928 -0.000462157853247381 0.998949748741225 93.9261574504858
0.998839614973433 0.000199780353066028 0.0481599797293842 -0.407352564034718 -0.000312912881576074 0.999997209562729 0.00234157047398804 -1.34822538667989 -0.0481593775422057 -0.00235392322870514 0.998836890287989 95.1359802325599
0.998713721333904 -0.00130798818789811 0.050687197459363 -0.35531633654351 0.00114220340666248 0.999993904083178 0.00329957086021286 -1.36681722934523 -0.0506912042741337 -0.00323743160299584 0.998709127246694 96.3032399859146
0.998596007091354 -0.00246314069342778 0.0529145306993203 -0.29947448609832 0.00241187211015781 0.999996558166208 0.00103272874513121 -1.38674127148529 -0.0529168923324978 -0.000903655720480714 0.998598510870214 97.4689097228732
0.998466718448223 -0.00386072930067247 0.0552205298825073 -0.241879369754374 0.00400663722749891 0.999988768330623 -0.00253181174851769 -1.40624578054555 -0.0552101350239716 0.00274917839902058 0.998470972541899 98.6384441462059
0.998356727016264 -0.00312038565846901 0.0572198288595421 -0.167621353957285 0.00343283250246963 0.999979726826635 -0.00536298393978621 -1.42932500478861 -0.0572019342538594 0.00555059718146054 0.998347198918566 99.8407139806928
0.998265676533459 -0.00321200223190222 0.0587819878607244 -0.107271586437434 0.00358377531148823 0.999974232003902 -0.00622027995534621 -1.45236411598752 -0.0587604936135909 0.00642015341470666 0.9982514643217 101.044219493397
0.998243796670425 -0.0031576528353789 0.05915531791467 -0.0419243053352638 0.00349591498850402 0.999978121653952 -0.00561558472702333 -1.47755116787515 -0.0591362916271185 0.00581252458097584 0.998232995633078 102.23900068885
0.998285524099199 -0.00302434231230637 0.0584539624624923 0.0226765372184423 0.00325256890498344 0.999987453671057 -0.00380963200245257 -1.5023272479359 -0.0584417074485919 0.00399322602087201 0.998282836162397 103.431540374756
0.998356094972824 -0.00341645990147615 0.0572139443873236 0.0890716031240042 0.00355810241977219 0.999990852028283 -0.00237397702560084 -1.52902831532899 -0.0572053103984636 0.0025736475068033 0.998359118153746 104.585511185932
0.998479708925939 -0.00327116913890577 0.0550233615443187 0.144542001778097 0.0033568478133511 0.999993292970761 -0.00146478198064748 -1.54735289175319 -0.0550182009514137 0.00164726013656013 0.998483992910308 105.849259910937
0.998619433984742 -0.00305800606319937 0.0524392473907839 0.202991712504239 0.00311288964700501 0.999994689361857 -0.000964969495772622 -1.56903201256302 -0.0524360180223477 0.0011268748819805 0.9986236499137 107.06228510061
0.998775996538923 -0.00248033480656637 0.0493999663656562 0.254974711728231 0.00253411735846763 0.999996262661484 -0.001026115138608 -1.5891717852221 -0.0493972366321654 0.00115004448240181 0.998778549234411 108.274723390063
0.998949328571863 -0.00100642804628996 0.0458173116672275 0.290394937735852 0.00107353188763196 0.999998386944274 -0.00144001324137461 -1.61117329643 -0.0458157884916374 0.0014876866056861 0.998948797643529 109.489857178693
0.999118786988177 -0.000514091743705543 0.0419688598481435 0.350994377044656 0.000562311048448395 0.999999195366355 -0.00113713364524227 -1.63470804119707 -0.0419682414875683 0.0011597311418613 0.999118272143053 110.717625153833
0.999291803742192 -0.000182092433890184 0.0376278861487398 0.38968743579198 0.000184676075318106 0.999999980822685 -6.51872391880734e-05 -1.65143273586735 -0.0376278735570349 7.20900441656894e-05 0.999291818206574 111.960882441387
0.999444007964604 0.000113089119914648 0.0333415979595902 0.42289128557679 -0.000140106156024586 0.999999663773309 0.000807974958468094 -1.67354840031396 -0.0333414953760781 -0.000812197093952222 0.999443687769335 113.184576051693
0.999583878424565 0.000141523554487428 0.0288452762993803 0.452484417055978 -0.000182594818402584 0.999998973398655 0.00142121805783527 -1.69440369035833 -0.0288450455509496 -0.00142589365632566 0.999582878091879 114.42579515167
0.999713504439586 0.000786657483464855 0.0239225878852064 0.482663915157243 -0.000823102101232863 0.999998515710982 0.00151363098637388 -1.71252953426088 -0.0239213616680293 -0.00153288807017142 0.999712668075238 115.655998380481
0.999805254775986 0.0017744214160216 0.0196546165305579 0.487788969171773 -0.00180371256095244 0.999997288933831 0.00147266628443099 -1.74123131103383 -0.0196519501149982 -0.00150783076842241 0.999805744783981 116.868425707116
0.999893534316191 0.00213435128978802 0.0144348390100932 0.505208952656642 -0.00215061729171854 0.999997069781866 0.00111142833623446 -1.75224865408159 -0.0144324245343632 -0.00114235382163492 0.999895194582815 118.134178279149
0.999946098970677 0.00321387417538947 0.00987269801575949 0.509853658198706 -0.00321913946572502 0.999994684667085 0.000517473360154237 -1.7716897470879 -0.00987098244481411 -0.000549227059623194 0.999951129833459 119.367916339058
0.999965640599144 0.00516052259292177 0.00648742072871702 0.503022253475057 -0.00516405595173146 0.999986526772512 0.00052801475028341 -1.79217338880606 -0.0064846084901735 -0.000561498011638465 0.999978817061998 120.614799217841
0.999965684199954 0.00707722866082136 0.00430618822173397 0.50487535639841 -0.00707977202728398 0.999974772395615 0.000575673848542176 -1.81193420907651 -0.00430200541146092 -0.00060614092474995 0.999990562626778 121.860128827779
0.999956790759928 0.00860113326425309 0.00352663007356408 0.493226711138162 -0.00860248617956145 0.999962929981399 0.000368638774349176 -1.84400361992066 -0.00352332863009711 -0.000398960632216136 0.999993713473129 123.129404548451
0.999944195419943 0.0103359784430867 0.0021848559650281 0.492357192983314 -0.0103372644493345 0.999946401929049 0.000578128751928815 -1.85665462700253 -0.00217876333464581 -0.000600681923590796 0.999997446082518 124.366672894865
0.999931856318303 0.011596208258615 0.00134561281793848 0.480153182081598 -0.0115981842208226 0.999931658195034 0.00147005513811214 -1.87701931529385 -0.00132847379079652 -0.00148556162849509 0.999998014130046 125.60820479679
0.999934488777601 0.0114278530647436 0.000649867223252231 0.472244748903325 -0.0114290699818074 0.999932879523648 0.00190073851331643 -1.89648622105265 -0.000628102243409961 -0.0019080413715864 0.999997982430813 126.849524046088
0.999879786714188 0.0155049510285083 -9.28116052481366e-05 0.464268194316769 -0.0155044850235873 0.999872540155233 0.00380977527883692 -1.9181968823429 0.000151870154623327 -0.00380787829708886 0.9999927384728 128.197116813984
0.999867257405719 0.0162822476810208 -0.000596639271558152 0.449334201826445 -0.0162776170505666 0.999842426159397 0.00708251613811404 -1.92728043640798 0.000711864538782277 -0.00707186412096807 0.99997474067435 129.391122454424
0.999886907617842 0.014984727102278 -0.0012766863743363 0.443499097866047 -0.0149758949895865 0.999865625033217 0.00666741675585112 -1.94018574016436 0.00137642424021074 -0.00664754320073066 0.999976957547375 130.636935990141
0.999885820099013 0.0149882036863063 -0.00192367231670842 0.436581007250424 -0.0149781145549011 0.999874527289432 0.00515613829487344 -1.95252585792296 0.00200071219932692 -0.0051267365831877 0.999984856746692 131.917997748758
0.999918680140565 0.0124980949850874 -0.0025358879499324 0.431276426326977 -0.0124821637525627 0.999902849644011 0.00620377802964897 -1.97412209857128 0.00261317699459626 -0.00617162017064243 0.999977540953028 133.279688659228
0.999941739770278 0.0102199972169588 -0.00347400663135897 0.424196755781824 -0.0101920646928787 0.999916334969097 0.00796522939181277 -1.98039929092321 0.00355512060070356 -0.00792935803538832 0.999962242486516 134.52574808385
0.999969428306691 0.00681782864599721 -0.00382879413692904 0.418660054762523 -0.00677998063224298 0.999928870067213 0.00981257706886124 -1.99158733836832 0.00389542226409056 -0.0097863179316713 0.999944525294641 135.785989938063
0.999978451672955 0.00506128790796021 -0.00418085571060746 0.411136976415565 -0.00501518401171382 0.999927303236669 0.0109652255413073 -2.0034131514494 0.00423604993936962 -0.0109440214983261 0.999931139766312 137.065914117551
0.99999185670953 0.000972837653903716 -0.0039166441664473 0.403957923273455 -0.000937208248630638 0.999958259509874 0.00908850255444071 -2.01429333755634 0.00392532232130271 -0.00908475783290473 0.999951028310783 138.419238059572
0.999990915307407 -0.00170365952297409 -0.00390728126504959 0.394679389184421 0.00173552084601226 0.99996515565204 0.00816550360871336 -2.02262602715149 0.00389323388039875 -0.00817221059570993 0.999959028012614 139.682723997054
0.999988354394237 -0.00303211859627051 -0.00375464149079216 0.386634448145843 0.00306165736985109 0.999964212680252 0.00788667312077773 -2.03425236057707 0.00373059379400438 -0.00789807670148321 0.9999618507995 140.967437950867
0.999989160710739 -0.00323541217087317 -0.00334821879753983 0.375722599047267 0.00326303208373506 0.999960422681291 0.00827681657849545 -2.04431750491299 0.00332130737092322 -0.00828765220904614 0.999960141074738 142.251123269787
0.999993022207826 -0.00258318691472539 -0.00269864429331977 0.369691513990168 0.00261070754846077 0.999944113676816 0.0102446927325272 -2.05945239317937 0.00267202951980059 -0.0102516666182176 0.999943880220182 143.584887998332
0.999997830096277 -0.00041329858908929 -0.00204180973993633 0.355436177749284 0.000437288209869938 0.999930720803392 0.0117627536159627 -2.06687763109109 0.00203680675552464 -0.0117636209512459 0.999928731780598 144.858034884858
0.999999045708637 -0.00038669252453245 -0.001326292089699 0.343072553599806 0.000400128150930949 0.999948458551602 0.0101449562709167 -2.07921822816983 0.00132230075193202 -0.010145477276474 0.999947659035989 146.132445095006
0.999999561008696 0.000305566419558111 -0.000885783031813842 0.338392273693925 -0.000298215586603286 0.999965618002348 0.00828697053489938 -2.09153926587529 0.000888284796739055 -0.00828670274268494 0.999965270150806 147.466559066395
0.999999918325338 0.000130802752552791 -0.000382413333118571 0.327556648072772 -0.000128566256086389 0.999982923828044 0.00584256134191846 -2.10450951858379 0.000383171026068218 -0.00584251169927872 0.999982858971597 148.747739657988
0.999999487950075 -0.00101187785212913 1.42408276322878e-05 0.321323095695721 0.00101185080365071 0.999997893108348 0.00178603942165015 -2.12280151672274 -1.60480513622042e-05 -0.00178602409751591 0.999998404928919 150.028927723655
0.999999407614088 -0.00098980113487121 0.000452841236779502 0.315054938421684 0.000990551424168905 0.999998132207712 -0.00165963518971455 -2.14548509657495 -0.00045119768217188 0.00166008276910206 0.999998520271831 151.312642530679
0.999999023676506 -0.00121353352403039 0.000692807636850676 0.310417668687351 0.0012153127911622 0.999995949843253 -0.00257357959054156 -2.17363883492788 -0.000689681705761269 0.00257441905587822 0.999996448346528 152.613005951649
0.999998553805658 -0.00154937312769294 0.000701305571208352 0.305511423639989 0.00155094721850237 0.999996267005706 -0.00224956381946439 -2.19820352521318 -0.000697817539507748 0.0022506482540829 0.999997223812705 153.89011407995
0.999999407684977 -0.000937786697686429 0.000552436245192375 0.298409585684383 0.000938712715338089 0.999998150934719 -0.00167837587578463 -2.22537876463509 -0.000550861265131666 0.00167889346058516 0.999998438933089 155.159276480195
0.999999917284785 -0.000221773943430383 0.00034094976357142 0.291970830126626 0.000221986183940203 0.999999781554299 -0.000622586129773388 -2.25107072312716 -0.000340811615711285 0.000622661764412973 0.999999748069853 156.421292160605
0.999999909768196 0.000420283651098218 -6.18486307090206e-05 0.286345947199519 -0.000420295463993274 0.999999893414725 -0.000191107983329232 -2.27600181354397 6.17683045558797e-05 0.000191133960784155 0.999999979826243 157.755468969081
0.999999677406849 0.000485023365788714 -0.000640264423328589 0.279677779844654 -0.000485352143959606 0.999999750402054 -0.000513448269922495 -2.29740886946241 0.000640015229111868 0.000513758857998164 0.999999663216114 159.002087908115
0.999998828363717 0.00086111711945327 -0.00126560203074387 0.270575902459695 -0.000861433638876876 0.999999597823338 -0.000249570125706862 -2.31977631913224 0.00126538661264052 0.000250660065464161 0.99999916798278 160.285194369943
0.999997847257749 0.000475638746309356 -0.00201971474497557 0.26324811167806 -0.000473641693570168 0.999999398629836 0.000989142817169088 -2.34370753246364 0.00202018400502886 -0.000988184066687214 0.999997471171221 161.575884200277
0.999996350837109 0.00131928134788126 -0.00235750062370829 0.25199711901481 -0.00131631435043814 0.999998340305508 0.00125964390199905 -2.37039548837063 0.00235915853568237 -0.00125653609345111 0.999996427737644 162.891675863612
0.999993968267302 0.00165832358972197 -0.00305178503255835 0.238053310728553 -0.00165735031267074 0.999998574937938 0.000321421895973887 -2.38976113961877 0.00305231370508763 -0.000316362080365013 0.999995291636956 164.142964285508
0.999991424354973 0.00194058896082308 -0.00365859686187779 0.221294621461022 -0.00194394522481601 0.999997692809543 -0.000914030936804582 -2.41310385230653 0.00365681466245221 0.000921135210298899 0.999992889582945 165.420101331598
0.999986634707566 0.00275406414550127 -0.00437556132622513 0.208283443342018 -0.00275794768329014 0.999995808097748 -0.000881766130468121 -2.4369978903746 0.00437311454381511 0.000893821914628685 0.999990038426169 166.707400790294
0.999983481422283 0.00245036409889782 -0.00519928825446973 0.204050562815856 -0.00245953639331036 0.999995429196492 -0.00175848424915292 -2.46596726548771 0.00519495556287213 0.00177124304017536 0.999984937453956 168.015804735612
0.999977915727809 0.00288840638403856 -0.00598541270313667 0.187203794284216 -0.00290498603598422 0.999991962942045 -0.00276316981854448 -2.48879412141041 0.00597738344068382 0.00278049633627231 0.999978269627559 169.299828012339
0.999973915468173 0.00305775910208536 -0.00654358407334257 0.167463329951106 -0.00307398351052529 0.999992222811472 -0.00247081807263511 -2.5128174366706 0.00653597801620439 0.00249086849204364 0.999975537983568 170.577282332595
0.999967910103367 0.00326083911629174 -0.00731749217716951 0.154827293613151 -0.00326905676218517 0.999994039084253 -0.00111133426455177 -2.53974406938088 0.00731382467597403 0.00113521989923411 0.999972609247068 171.864384474706
0.999962572288872 0.003366330713746 -0.00797005890488316 0.140626603593451 -0.00337233395761655 0.999994039934165 -0.0007399052820582 -2.56840888134978 0.00796752063693112 0.000766755289386183 0.999967964837487 173.166763230979
0.999955181679956 0.00353260646482094 -0.00878381027630098 0.121346669582658 -0.00353624134693263 0.999993668149367 -0.00039831935591494 -2.5907104015437 0.00878234755299456 0.000429363176993234 0.99996134226215 174.450005163393
0.999947185911164 0.0039486165014368 -0.00948861507637258 0.10237991652458 -0.00394964641183312 0.999992196083663 -8.98053178289857e-05 -2.61435172903178 0.00948818642125447 0.000127277249332613 0.99995497804598 175.721016387055
0.999941060872627 0.0044881292815374 -0.00988592314749402 0.0809057242884051 -0.00449750687046792 0.999989456910466 -0.000926552676205779 -2.64055766812541 0.00988166043112418 0.00097096007327635 0.999950703796772 177.01584333765
0.999929786431783 0.0052845095145047 -0.0106064209646941 0.0640896747674306 -0.00529954269128614 0.999984991593339 -0.00138976089069352 -2.6655561906343 0.0105989175745653 0.00144587249132656 0.99994278456269 178.297974527082
0.999927038030876 0.00534726554104638 -0.010831683434835 0.0381819775601599 -0.00535835714410104 0.999985148648604 -0.000995234115783354 -2.69114571218148 0.0108262007886055 0.00105320152985822 0.999940840321577 179.568627884297
0.999925445882056 0.00513782102667048 -0.011077250230475 0.0171100324366274 -0.00516164389668825 0.999984424825575 -0.00212309645257146 -2.71615745765267 0.0110661696107749 0.00218011498803235 0.99993639147137 180.85324608079
0.999929441555254 0.00408328203645085 -0.0111552103883346 -0.00392227857603357 -0.00412398952954203 0.999984912768358 -0.00362862866917355 -2.74285081055959 0.0111402253728296 0.00367437660961942 0.999931194800509 182.14277473746
0.999935186125369 0.000829737846873714 -0.0113549585436584 -0.0194578988544155 -0.000871236414137927 0.99999295844559 -0.00365020634301094 -2.7663406060231 0.0113518498727483 0.00365986261235891 0.999928867925177 183.445682392048
0.999929977101753 0.00110081018680966 -0.0117825765526703 -0.0401346805519556 -0.00110015502678461 0.999999392901966 6.20855519653252e-05 -2.79119357812317 0.0117826377438993 -4.91185437321427e-05 0.999930581108091 184.719460200388
0.999930508199465 0.000329696469098675 -0.0117843146681393 -0.0586908308812496 -0.000278732253311064 0.999990603405901 0.00432613086170362 -2.81334029303231 0.0117856302457876 -0.00432254556249951 0.999921204155392 186.000961352306
0.999929081230707 0.00168904954420145 -0.0117889618182558 -0.086415711071997 -0.00164445687598903 0.9999914610667 0.00379124719189532 -2.83649181345335 0.0117952647574386 -0.00377159188198758 0.999923320472114 187.294837881232
0.999929132363433 0.00332808031842382 -0.0114304038557856 -0.112165797142073 -0.0033213686137789 0.999994300552667 0.000606112789859527 -2.85309599946703 0.0114323559008475 -0.000568105251469193 0.99993448710152 188.544805704468
0.999925182357606 0.00356613862240279 -0.0117009547659179 -0.136442003784388 -0.0035811859077526 0.999992787051501 -0.00126528750291076 -2.87497964555428 0.0116963581769012 0.0013070961313978 0.999930740954143 189.796336481953
0.999922235046645 0.00316129152045069 -0.0120635855053678 -0.155680122229193 -0.00317121549413221 0.999994648796436 -0.000803598645417358 -2.90712497826633 0.0120609805410824 0.000841792382875591 0.999926909395868 191.104424550513
0.999924570318508 0.00308497682398416 -0.0118885066910133 -0.17705893023174 -0.00308256430961781 0.999995224412077 0.0002212471844195 -2.92900677054546 0.0118891324588406 -0.000184583409394479 0.99992930473026 192.358986100413
0.999926465023154 0.00331934398824294 -0.0116638973669921 -0.202774920842927 -0.00329202815042243 0.999991795655307 0.00236033318245787 -2.95317438438827 0.0116716364301171 -0.00232176173693617 0.999929188655617 193.623271974253
0.999933914672187 0.00253817430252427 -0.0112126696003251 -0.21908053962191 -0.0025006647592261 0.999991235094928 0.00335803649209656 -2.97755574749606 0.0112210946042717 -0.00332977544742779 0.999931497469377 194.893159963782
0.999950464108157 0.00268163214293945 -0.00958531058080993 -0.241742045045 -0.00265688427426376 0.999993106934351 0.00259365567049102 -2.99688795224588 0.00959219973904853 -0.00256806013049816 0.999950696170232 196.145576419872
0.999966465490678 0.00161286048416388 -0.00802910799149126 -0.259734834918985 -0.00160409043475488 0.999998109982063 0.00109860192050513 -3.01792971779338 0.00803086470795854 -0.00108568566410002 0.999967162710197 197.38537021893
0.999975228956516 0.00140583310651294 -0.00689674609070162 -0.272320126895724 -0.0014084472473067 0.999998938125741 -0.000374197464979018 -3.04192426594946 0.00689621270803983 0.000383901898764163 0.99997614715033 198.646250284678
0.999983217871343 0.000359300582402218 -0.00578229009702564 -0.28413241269327 -0.000363683954063936 0.999999647316063 -0.000757034828225808 -3.06972666465744 0.00578201605465013 0.000759125049695954 0.999982995865181 199.916729901806
0.999990545760527 0.00100832326294165 -0.00422985505204803 -0.300879789259162 -0.00100915528030561 0.999999471873643 -0.000194571464089384 -3.09163534504564 0.00422965662721655 0.00019883820512487 0.999991035193908 201.152964208559
0.999995746071605 0.000602473390573821 -0.00285392090079023 -0.311776356859232 -0.0005976675733919 0.999998402644521 0.00168448861055635 -3.11459787667935 0.00285493120162863 -0.00168277574888299 0.99999450880173 202.387306231729
0.999996956836983 0.00114320110908671 -0.00218618571869356 -0.311839497987509 -0.00113814566374417 0.999996678946315 0.0023122977292593 -3.14310973947417 0.00218882187958205 -0.00230980249476449 0.99999493692279 203.625451580404
0.99999907381275 0.00121144752687644 -0.00062029713234262 -0.327763495841595 -0.00121006590306278 0.999996797201265 0.00222290974239035 -3.16157099846076 0.000622988084165637 -0.00222215708315007 0.999997336948326 204.851096125372
0.999998291627948 0.00174209982438785 0.000617923447476079 -0.339492738436022 -0.00174359173768544 0.999995546569321 0.00242213322881476 -3.18520632377827 -0.000613701097724278 -0.00242320649712759 0.999996875715737 206.064067056163
0.999997403482526 0.00167375613236543 0.00154646972651863 -0.341569698894244 -0.00167783245483099 0.999995111949496 0.00263836225101028 -3.20758032346627 -0.00154204619229947 -0.00264095011755415 0.999995323727075 207.278628349228
0.999996435487681 0.00178038320441177 0.00198978581209628 -0.339809111584083 -0.0017853766031755 0.999995254740001 0.00251056325643923 -3.22897408499082 -0.00198530660538988 -0.00251410682453982 0.999994868899115 208.460799789192
0.999994291211277 0.0015595185131567 0.00299757349592304 -0.346940931562752 -0.0015673777125319 0.999995336058385 0.00262129521126671 -3.25031783670725 -0.00299347155700485 -0.00262597857673535 0.999992071650847 209.665711839668
0.999993500982517 0.000557338724028229 0.00356193294081437 -0.348172018744905 -0.000566857071179756 0.999996270094812 0.00267179144476938 -3.27166770687573 -0.00356043056230752 -0.00267379318762464 0.999990087032967 210.833618074038
0.999993043383667 0.0004785449311629 0.00369921329748015 -0.349490316337673 -0.000491473568123431 0.999993772216709 0.00349485071607333 -3.2935007762471 -0.00369751781648604 -0.00349664446929632 0.999987050835886 211.995427343509
