0.999999998442582 2.47387237963557e-05 -5.00283015582385e-05 -2.30563528051844e-06 -2.4736209280064e-05 0.999999998430932 5.02618702060982e-05 -0.00011394446026082 5.00295448942653e-05 -5.02606326172822e-05 0.999999997485457 0.0016455983556058
0.999676860274252 -0.0015348913089636 -0.0253735914068885 -0.0248894969778252 0.00141319284470638 0.999987416467683 -0.00481350104100541 -0.00335296972519854 0.0253806603183946 0.00477608782977841 0.99966644990559 0.428667734544439
0.998660394127745 -0.00977142025413748 -0.05081275968528 -0.0484985535829722 0.00920984855124941 0.999894029809463 -0.0112742113274693 -0.00917651708415565 0.0509175401043691 0.0107911305065975 0.998644559196168 0.863696337170315
0.997034115592273 -0.0175136564861624 -0.0749416051443942 -0.0896747122107593 0.016274546868893 0.999721099224478 -0.0171132372628451 -0.0138303274019577 0.0752204192313882 0.015842840713929 0.997041068827542 1.31572348920831
0.9948754442691 -0.0207527262549564 -0.0989554179585276 -0.145681159955268 0.0186602445207073 0.999583268105367 -0.0220246543269628 -0.0246553746626454 0.099371251701825 0.0200652554626555 0.994848098886675 1.77417832455618
0.992543259974068 -0.0194694066876121 -0.120327965507948 -0.225718173386942 0.0165280032678626 0.999540858242562 -0.0253948382885357 -0.0383767582853889 0.120767140348801 0.0232166945742869 0.992409332334706 2.25395071584061
0.990349855332766 -0.0136161661815672 -0.137919411472374 -0.312198790012598 0.00989389265023801 0.999569019817196 -0.0276384787916499 -0.0504781729006174 0.138236301059438 0.0260072036214365 0.990057751057582 2.7166556527446
0.988017639959047 -0.0112566118068238 -0.153929957514401 -0.420775561634542 0.00674900198398782 0.999533847904796 -0.0297747857230311 -0.0738991557915935 0.154193365946706 0.0283791399316957 0.987633044361499 3.24879023692583
0.985625143883845 -0.01218735375967 -0.168506807436041 -0.526033497510698 0.00697296856038382 0.999479370172323 -0.0315018461267285 -0.0924598193368897 0.168803001908753 0.0298740189508013 0.985196980069631 3.78698813310364
0.983036896224698 -0.0156306814613871 -0.182740642600287 -0.636063564326132 0.00972634984121641 0.999402672629141 -0.033161665526564 -0.11044098532431 0.183149826043268 0.0308217413327359 0.982601730856169 4.34099348540856
0.980059555751648 -0.0213334134542605 -0.197555441965721 -0.756558294154259 0.0148933599050844 0.999309921427032 -0.0340274707881112 -0.135637654322682 0.198145035291373 0.0304066836055449 0.97970096385657 4.91959193904599
0.977073273919689 -0.020823851825124 -0.211882478244485 -0.88888456823689 0.0139454957571495 0.999327728136294 -0.0339059718344771 -0.150740922860961 0.212446088549417 0.0301738127043686 0.976706813986129 5.50043222659945
0.973911509164817 -0.0206291519394695 -0.22598851830694 -1.05223452598953 0.0128490626787856 0.999274790233734 -0.0358440398337485 -0.182524826354232 0.226564061370255 0.0320051822926381 0.973470284293173 6.11763207586713
0.970407630560322 -0.0224702691351049 -0.24042486883702 -1.21647412069009 0.0132834357612375 0.999120815438014 -0.0397636327924778 -0.208765826223202 0.241106990534657 0.0353932643800186 0.969852945529294 6.73546566290062
0.966668985916099 -0.0267632621593683 -0.254626784660471 -1.38904495837997 0.0165228546965854 0.998969510957205 -0.0422718754090578 -0.234816534267931 0.255495727832416 0.0366557495696418 0.966115049609968 7.37617977290573
0.963004138306057 -0.0280453371226443 -0.268023298746743 -1.5736732423869 0.01679322646391 0.9988823051867 -0.044182891822918 -0.261595374631915 0.268962854592118 0.0380473317143406 0.962398765273043 8.03192051482204
0.959766242568061 -0.0287288385037711 -0.279326714556646 -1.7875519173205 0.0168509434368123 0.998852389842235 -0.0448324548931304 -0.299040418947544 0.280294140738038 0.0383217581104972 0.959148913111643 8.70819845969602
0.957095249686704 -0.032389088343198 -0.287957687835282 -2.00004803246444 0.0195644806289885 0.998688921586677 -0.0473040061491374 -0.339322720960566 0.289112286360963 0.0396406969708683 0.956474098456827 9.40023311953573
0.955538231233405 -0.0335676313433315 -0.292950341828326 -2.22582244409342 0.0190048955563983 0.998444438225278 -0.0524167694721719 -0.380165678007536 0.294254146268537 0.0445187365387498 0.954689781814369 10.0944744251726
0.954934851950776 -0.0320316651447135 -0.29508202411839 -2.44718363430147 0.015558768799307 0.998195042237731 -0.0580050201746697 -0.421240510953798 0.296407410911399 0.0507999023628105 0.95370960814953 10.8289351224103
0.955420270356978 -0.0280016467676412 -0.293918381135477 -2.68968219974876 0.0104485235563772 0.998075581974454 -0.0611225083078789 -0.466947964109942 0.29506429019197 0.055326670283464 0.9538742182326 11.5582200400956
0.95638673032225 -0.0284140840601195 -0.290718182937602 -2.91998212817639 0.0104891768949697 0.997956436038935 -0.0630311743229657 -0.519542558212814 0.291915054821746 0.0572327842716963 0.954730333221338 12.3078698865857
0.957711679862772 -0.0282743984569633 -0.286337033312709 -3.15308265466497 0.0104074258924881 0.997912949380451 -0.0637293570115169 -0.57602386179439 0.287541342663484 0.0580543181055973 0.956007150814561 13.072390447485
0.959187276670898 -0.0231766361825645 -0.28182017636771 -3.40152007027165 0.00532225935857218 0.997938589519419 -0.0639550240662372 -0.638531344895715 0.282721491627337 0.0598449252924083 0.957333350034751 13.890521704067
0.96090953266535 -0.0181520161946236 -0.276266853496632 -3.64457648029473 0.000583155255706668 0.997978897762791 -0.0635435248480301 -0.691217297313702 0.276861933033068 0.0608984722980355 0.95897802170277 14.6790505119586
0.962623833171574 -0.0124799253959178 -0.270554259386502 -3.89040901036745 -0.00470002397325644 0.998017684287975 -0.0627583589900123 -0.751189221420478 0.270801155065331 0.0616843035997066 0.960656952873762 15.4987522390605
0.964633300305882 -0.00960063548682561 -0.263420621324967 -4.12523858567 -0.00698659120663531 0.998054200740895 -0.061959663707642 -0.81174649627524 0.263502909821304 0.0616087670847407 0.962689241829368 16.3189393254338
0.966151479379901 -0.00703114106251518 -0.25787958807821 -4.36097481818225 -0.00939569379699501 0.998006242784063 -0.0624120204937336 -0.879366584651587 0.257804266508724 0.0627224235771875 0.964159145447733 17.1979508723476
0.967694121250289 -0.00585572706799766 -0.252059116395611 -4.59304836566302 -0.0100004764179102 0.998052068784208 -0.0615796920013123 -0.936273971619937 0.25192871644385 0.0621110171875069 0.965750559603714 18.0633737364241
0.969002408874094 -0.00725915715541318 -0.246944601547789 -4.82403896628311 -0.00781394885701102 0.998167570016234 -0.0600037029786208 -0.997806521280069 0.246927669165412 0.0600733452146586 0.967170057122974 18.9396693784967
0.96962549164201 -0.00654604840084116 -0.244506759023803 -5.04295991201528 -0.00852960552298738 0.998128860126032 -0.0605477036156668 -1.06417273770262 0.244445600875967 0.0607941430883128 0.967755351511189 19.8260815703571
0.970273567152455 -0.00628304423694839 -0.241929180216787 -5.27085451846001 -0.0098084553440419 0.997820644717507 -0.0652514764530426 -1.12551153356205 0.241811908492973 0.0656847343806351 0.968097369369596 20.7335219188924
0.970780344658023 -0.00126201511299608 -0.239966517963455 -5.50894839979979 -0.0157466553979449 0.997495919129898 -0.0689487792711216 -1.1836638968506 0.239452636797821 0.0707127897699846 0.968329559650802 21.6234077331242
0.971455868942434 0.000873359924665784 -0.237218742808706 -5.74852114795434 -0.017400394205977 0.997561758597606 -0.0675852355557699 -1.25750970840113 0.236581320012333 0.0697837733724273 0.969102421829152 22.5572161523796
0.972206922173366 -0.000327261781007819 -0.234123030430409 -5.97438626034637 -0.0155782243851101 0.997692455806667 -0.0660839053890434 -1.32604951153503 0.233604407927588 0.0678944513652447 0.969958413577929 23.5069545364345
0.97265889935184 0.00276577186318743 -0.232221911148945 -6.21015883705161 -0.0184023348689925 0.997702825179355 -0.0651952966133506 -1.38948474956479 0.231508141504866 0.0676862108197387 0.97047542847917 24.4579471830865
0.973160824521281 -0.00237193662197241 -0.230113849069806 -6.44431215418637 -0.0133748725971277 0.997673618662403 -0.0668465661651801 -1.4725973336289 0.229737072324147 0.0681302028598663 0.970865156990508 25.4234743510199
0.973513895613687 -0.00652391196769551 -0.228534753636511 -6.6661944807858 -0.0091565676688581 0.997678228498565 -0.0674856254952877 -1.54715083975493 0.228444418438247 0.0677907881102024 0.971193882153203 26.4356086611229
0.973720509444893 -0.00803412489335266 -0.227604530542729 -6.91114996046983 -0.00781363483311364 0.997610758522571 -0.0686419812557527 -1.62000440329297 0.227612206608242 0.0686165236456814 0.971331280298184 27.4065244080875
0.973771239493205 -0.00367682469178555 -0.227499569441466 -7.15130632999692 -0.0117270828825631 0.997729430284906 -0.0663208826119018 -1.69644067063625 0.227226866067664 0.0672492743718624 0.971517105579478 28.4331707250994
0.973890997132944 -0.00237814997630316 -0.22700367861797 -7.40015949054557 -0.0120638509733867 0.997990074682233 -0.0622115289592192 -1.76944134275728 0.226695366523209 0.0633257865205168 0.971904859314154 29.4626709990127
0.973790888099495 0.0016819441518051 -0.227438952948405 -7.65586718736882 -0.0155697406379546 0.998119884554613 -0.0592813565394149 -1.84568206059019 0.226911633529141 0.0612688103406343 0.971986236244413 30.4541018090179
0.973569248986123 0.00313053790523592 -0.228370569822428 -7.89359955948892 -0.0169745876510984 0.998132398266351 -0.0586820151761781 -1.9213150309953 0.227760358277448 0.0610075016984461 0.971804148958957 31.487421505808
0.973226799581896 -0.000136293590355958 -0.229846857711037 -8.14261075539797 -0.0138045593394468 0.998159944658309 -0.0590437043313273 -1.99665632276704 0.229431974051186 0.0606358499880947 0.971434126937693 32.4708964417323
0.97227183061259 -0.000877597537528743 -0.233851913012924 -8.37771156241249 -0.0131441846640349 0.998207029295323 -0.0583948377420793 -2.07269109711999 0.233483870549466 0.0598494485184964 0.970517040399225 33.4918651694145
0.971171595176628 0.000434302864826564 -0.2383810900703 -8.62355105909493 -0.0137835794606025 0.998427586650477 -0.0543356894918687 -2.14995672016064 0.237982658316391 0.0560550229357291 0.969650498243743 34.4737988719556
0.970140516217216 0.000549521397032674 -0.242542938095564 -8.87274177962829 -0.0140441736172528 0.998446882838655 -0.0539127381718007 -2.22215364767009 0.242136614292847 0.055709246772927 0.968641491906469 35.4521688631051
0.969794357504811 0.00348198693337199 -0.243899118323185 -9.13706913601808 -0.0172707394247541 0.998368813857582 -0.0544190506746184 -2.2950506736314 0.243311787037853 0.0569876064035003 0.968272578876861 36.3990790015103
0.969337069949766 0.00670302527704369 -0.245643469836546 -9.38560295623165 -0.0209127128842428 0.998251638644991 -0.0552840337024282 -2.3625438078703 0.244843426011449 0.0587259346006967 0.967782496919763 37.3585091311785
0.969195196234603 0.0107391843951829 -0.246059629997071 -9.64900386867837 -0.0243513751813473 0.998332120843362 -0.0523448853200775 -2.43393314323388 0.245087090893312 0.0567243017667125 0.967840209676438 38.3055170390153
0.969058397551153 0.0108788747170329 -0.246591711581072 -9.90040694391553 -0.024076898967281 0.998430260965676 -0.0505699211402509 -2.50381855446855 0.245654483109327 0.0549423704703661 0.967799158325417 39.2601418490223
0.969252587811897 0.0107004350377979 -0.245835151493724 -10.1417092518183 -0.0235213387343805 0.998508223956908 -0.0492754839099972 -2.56628645679229 0.24494115138964 0.05354276216655 0.968058368578824 40.1803082610856
0.969775873027171 0.00995197847944455 -0.243794409736425 -10.3756747677776 -0.0222202436231972 0.998618159842799 -0.0476238554246461 -2.63051280653698 0.242983573246656 0.0516016371496729 0.968656933168684 41.0804191088862
0.969839497989989 0.0085634045221347 -0.243593957727848 -10.6048575778465 -0.0203925900107299 0.998729542199222 -0.0460808399574695 -2.6925764579373 0.242889873010755 0.0496585304003444 0.968781987831781 41.9798595292415
0.969955555570078 0.00608206669121283 -0.24320614441972 -10.8244188447206 -0.0180334878500696 0.998734679947244 -0.0469449932009552 -2.75329693143005 0.242612888228766 0.0499204120119214 0.968837932231112 42.8274856272591
0.969931155579391 0.00393852303447242 -0.243347573385751 -11.0231781819187 -0.0155671981760161 0.998825573953875 -0.0458817518918108 -2.8100534116784 0.242881073320617 0.0482903805329796 0.968853354935929 43.6290839447836
0.969631461276099 0.00575920197884828 -0.244502885251164 -11.227999840325 -0.0171995368832793 0.998853238003521 -0.0446809227845927 -2.86604668123503 0.243965172175411 0.0475293648437347 0.96861858037257 44.4074171565322
0.96936252624836 0.00707190382701633 -0.245532647282719 -11.4240082968645 -0.0181233244881296 0.998920139627337 -0.0427796652207443 -2.92343046906635 0.24496497262853 0.0459188721895739 0.968443916477326 45.1442461602666
0.969111600242709 0.0043171147543968 -0.2465848105525 -11.6037743148157 -0.0153421521498036 0.998965545355208 -0.0428072138848506 -2.97251200471048 0.246144926095232 0.0452681092312064 0.968175332077927 45.8497772615514
0.969006829981465 0.00331327837246658 -0.247011711535505 -11.7898613286777 -0.0149228043182478 0.998869085182489 -0.0451426691499025 -3.02022635582681 0.246582792101461 0.0474296621654089 0.967960409203973 46.5334614560805
0.968717210442099 0.00551174910317584 -0.248105999151778 -11.9610685721328 -0.0175247564475546 0.998776791389388 -0.0462363914397787 -3.06463066448103 0.247547670368218 0.0491379853447634 0.967628859269671 47.1807598096475
0.968395506258535 0.00871010497393503 -0.249267481893685 -12.1373205069215 -0.0212001702797736 0.998647834142066 -0.0474663685515331 -3.11088243370365 0.24851699386236 0.0512507310650726 0.967270730626597 47.7966178727654
0.968084809527482 0.00702288336534478 -0.250524411328267 -12.2998901625842 -0.0202295027655467 0.998535302269038 -0.0501798499433766 -3.15556148273392 0.249805061558001 0.0536463347463536 0.96680892734205 48.4004572929728
0.967768123806227 0.00442776086561647 -0.251803998138022 -12.4607765695177 -0.0176980247203917 0.998569234834589 -0.0504605109254693 -3.20096274754377 0.25122029867344 0.0532905073683852 0.966461837507745 49.0076173653553
0.967682588461504 0.00606519932905394 -0.252098435825261 -12.6182704321072 -0.018892236537279 0.998644896006331 -0.0484918042469483 -3.23586150222113 0.251462703769493 0.0516873779331443 0.966485863101645 49.598883371438
0.967454532835413 0.0103206734605219 -0.252834354065134 -12.7809983180876 -0.0229352732957963 0.998631723859829 -0.0469963119786354 -3.27671011922074 0.252003373261271 0.051265620059328 0.966367495347848 50.1744953911038
0.967175086652213 0.012741915856393 -0.25379124362277 -12.9417905185004 -0.0253551783634953 0.998596893952596 -0.0464904110369312 -3.31374687822156 0.252842770688503 0.0513992895722896 0.966141110988465 50.7419134370067
0.967141157068588 0.0127812445621856 -0.253918534359888 -13.0966961728363 -0.0254202286056295 0.998592135291896 -0.0465570543613819 -3.35101192130317 0.252965994318741 0.0514819106154068 0.966104455324432 51.2980174022988
0.967351214141388 0.0147104421082907 -0.253012314704565 -13.247919887637 -0.0271365647445341 0.998586872110373 -0.0456931691031406 -3.38624255271726 0.251982609227401 0.0510672276690357 0.966383414026312 51.8441064548218
0.967652509583637 0.0160496837931505 -0.251775750116308 -13.3941248083424 -0.0283286142141074 0.998575280962022 -0.0452205469706729 -3.41897926495428 0.250691264931984 0.0508902338544287 0.96672854193152 52.3808032103236
0.967909429210927 0.0183305272631287 -0.250629863772923 -13.5426832717199 -0.0296409996344768 0.998701726557913 -0.0414279194615514 -3.46305901084721 0.249545082069848 0.0475273935799086 0.967196153256543 52.9250308973368
0.968119686553169 0.0194377443335966 -0.249732750362093 -13.6795331587311 -0.0293852649362381 0.998913674690781 -0.0361659607972294 -3.48538335885295 0.248758474655278 0.0423514416635534 0.967639176902319 53.4600387887483
0.968295117284319 0.0187001625248284 -0.249108148732416 -13.8109950518409 -0.0274916366005105 0.999114204088434 -0.0318593331028923 -3.5124755095864 0.248291715045775 0.0376976273826428 0.967951503500742 53.977771090568
0.968218446052025 0.0255646384255743 -0.248796081132262 -13.9586310064272 -0.0341720999173571 0.998955372872241 -0.0303385991258511 -3.53770519245808 0.24776058667964 0.0378762758445255 0.968080616176313 54.4880054561545
0.968127029324354 0.0314227438273982 -0.24848071607664 -14.1021467406217 -0.0400769020430504 0.998750762340891 -0.0298455465039698 -3.56278405646807 0.247232475646372 0.0388526175932407 0.968176934806815 54.9978327363393
0.968090431263608 0.0317223743970089 -0.248585212469402 -14.2465944073124 -0.0407943596151113 0.998673194567383 -0.0314272282610293 -3.58996468616972 0.247258441957873 0.0405652735131153 0.96810005756914 55.5129734779964
0.968123225144916 0.0258346569064072 -0.249138498505417 -14.3844719597141 -0.0358216539399493 0.998722652453504 -0.0356352716454319 -3.61560939701937 0.247899637038887 0.0434238871908703 0.96781203545793 56.0097109848255
0.968200728485314 0.0187291428327255 -0.249472580796486 -14.5003339055829 -0.0286604774191613 0.99893218539001 -0.0362362529249948 -3.64865764052431 0.248527516373164 0.0422339697481756 0.967703655777272 56.5130638952162
0.968885330386032 0.0231484017414242 -0.246425177405975 -14.646481770579 -0.0326404305877166 0.99887141483138 -0.0345036074027977 -3.66447048118467 0.245348362239892 0.0414734629561551 0.968547434572322 57.0505320163301
0.969603874050571 0.0306424962440652 -0.242753712330125 -14.7948570028857 -0.0395097514214345 0.998714860106447 -0.0317428376988732 -3.68550233313354 0.241469060065137 0.0403691172369796 0.96956847484062 57.5767200910727
0.970580157991972 0.0339790061879693 -0.238368588641113 -14.937263846125 -0.0414393912296301 0.998793362908978 -0.0263551714752868 -3.70900739948048 0.237185441726081 0.0354576556959433 0.970817089304547 58.1190770752271
0.972344674538432 0.0314235253131843 -0.23142686955849 -15.0642793916579 -0.0372008443637561 0.999094605585498 -0.0206413727397465 -3.7319550338506 0.23056871226464 0.028679803814692 0.972633300775671 58.6656875284754
0.97384430932626 0.028192606480445 -0.22546050237835 -15.1818449047156 -0.0332348139121853 0.999274495536961 -0.0185991858309761 -3.75789839039772 0.224772570250646 0.0256058491206899 0.974074756963616 59.2229052476419
0.975145504703911 0.0235474133518668 -0.220310607961102 -15.3114844450649 -0.0284135627069736 0.999416717140357 -0.0189445230789573 -3.77376693174771 0.219736010043987 0.024733475793519 0.97524578495122 59.7954571121862
0.97637669550714 0.0194549662382506 -0.215197706212745 -15.4309404442672 -0.0242411955615269 0.999513513472473 -0.0196239859269175 -3.79192740493618 0.214711231444249 0.0243770522126975 0.976373313040209 60.3608863582966
0.977605781184217 0.0192411842150049 -0.209563149015282 -15.553510908521 -0.0235710734237684 0.999556786808988 -0.0181833561737785 -3.80619364780434 0.209120398557502 0.0227157824891729 0.977626028772279 60.9356908025028
0.978729372004677 0.0196208121832754 -0.20421518088673 -15.6861318912512 -0.0238424675715422 0.99954945503379 -0.0182324897299834 -3.82170770413049 0.203765436508333 0.0227136670514169 0.978756218991045 61.5251410573542
0.979631850659037 0.0199739999466677 -0.199806097255514 -15.7957495506126 -0.0243819098913384 0.9995100820581 -0.0196244320748484 -3.84533435708861 0.199316230258351 0.0240963729706403 0.979638915705812 62.1225190051735
0.9805502397892 0.0173114364632413 -0.195503302828678 -15.9235595473342 -0.021789829971484 0.999546607769659 -0.0207793697204786 -3.86458568983415 0.195054942411507 0.0246351996895842 0.980482879186117 62.7217775659056
0.981280260838485 0.0126027535583059 -0.19217237130114 -16.0391238590405 -0.0172379911454748 0.999598954827109 -0.0224673356190786 -3.88053728153299 0.191812151205347 0.0253594185915292 0.981103969280869 63.3325292680302
0.981783876954638 0.0109714230162273 -0.189684071099601 -16.1619234911724 -0.0154842262769454 0.999630837346816 -0.0223254957818848 -3.89447634934295 0.189369104366377 0.0248559228817117 0.981591323010332 63.9626647411781
0.982158918681833 0.0113761563155772 -0.187708394914067 -16.2851100958086 -0.0153263036639321 0.999690304349591 -0.0196061165308769 -3.91146874877153 0.18742722019422 0.0221331980722383 0.982029102762929 64.5907965494651
0.982458909932523 0.0120640112652757 -0.18608855399081 -16.412095188241 -0.0151444737338596 0.999770670266585 -0.0151410630415251 -3.93091657886935 0.185863216397231 0.0176936855090821 0.982416305994349 65.2343772417169
0.98265082170023 0.0114823857976641 -0.185109474172062 -16.5356570306588 -0.0139135977873655 0.999833096433716 -0.0118402310948111 -3.96085491780485 0.184942624639305 0.0142103515846975 0.982646575071304 65.9312577317576
0.982616696278795 0.0102441467836472 -0.185363118367226 -16.6663885447508 -0.0124526020915598 0.999864634109676 -0.0107538903598749 -3.96743270989893 0.185227862092334 0.0128752053730425 0.98261124977852 66.5773307227447
0.982407469202376 0.0092600768440878 -0.186520281557328 -16.7998082059186 -0.0114392255175346 0.99987827571533 -0.0106102720086779 -3.98197169002711 0.186399325575342 0.0125572580359223 0.982393814463261 67.2489888612697
0.981887904549922 0.00817050965587625 -0.18928651740292 -16.9363920987512 -0.0103801951529179 0.999889031694559 -0.0106853097991516 -3.99769150945539 0.189178208171951 0.0124566074386142 0.981863757597749 67.9307268640633
0.981148092614612 0.00633219686469052 -0.193153627047422 -17.0727254940765 -0.00880207726579309 0.999890073598378 -0.011931645118622 -4.01674803546982 0.19305684083843 0.01340686399933 0.981095975021399 68.6052286171215
0.980086724078641 0.00499731433291502 -0.198507027921573 -17.205120239264 -0.00732150471811881 0.999912956763359 -0.0109760860701982 -4.04024311813513 0.198434898275129 0.0122108863812533 0.980038002018454 69.3296722257672
0.978807370700213 0.00473083182912132 -0.204728479438352 -17.3683477550425 -0.00669628688986984 0.999937896678705 -0.00890856484832517 -4.04792874409607 0.204673620197679 0.0100906895687475 0.97877826251874 70.0068523450676
0.977400577327143 0.00832276170505497 -0.211231728388915 -17.5273334895104 -0.00922965367777687 0.999951934901573 -0.00330777562548664 -4.06064204669109 0.211194045686794 0.00518261750480721 0.977430414680372 70.6946339976414
0.975775622102715 0.0104231133648168 -0.218525270890675 -17.6929181080598 -0.0104621171368503 0.999944791653715 0.000978646832797123 -4.07479150288121 0.21852340701873 0.00133129725932871 0.975830798977227 71.3758420826066
0.973689667490038 0.00736669151705392 -0.22775900263048 -17.8520050723172 -0.00700361055460008 0.999972588811742 0.00240230396528097 -4.10010331753703 0.227770456517824 -0.000743963194436414 0.97371457093772 72.0724050755854
0.970951980612283 0.00432000286574428 -0.239235425721869 -18.0307389933691 -0.00408232795269448 0.999990558718328 0.0014889837787525 -4.10885168657294 0.23923959944702 -0.00046909428338015 0.970960449249599 72.7583283995247
0.967783998208743 0.00278054191568107 -0.25176656131773 -18.2144888696474 -0.00339172223839927 0.999992260762337 -0.00199364883747116 -4.1184777950623 0.251759069412319 0.00278334368785871 0.967785939124225 73.4157223656199
0.963947020029919 0.00436962145122852 -0.266058356350277 -18.4114147899226 -0.0052900413683186 0.999982245779275 -0.00274291606860916 -4.13062229699222 0.2660416471866 0.0040514854820078 0.963953021379999 74.0777414789786
0.959684704254036 0.00414770048614098 -0.28104815423966 -18.6160127280781 -0.00489684612297841 0.999986083052757 -0.0019633132335941 -4.1412425221539 0.281036099672072 0.00326041124439851 0.959691659023682 74.7297946261708
0.955138882097507 0.0048253224995109 -0.296118949357011 -18.8309489625289 -0.00416131528897474 0.99998721577424 0.00287258475075352 -4.15092332764082 0.29612902485334 -0.0015114730762506 0.955146751074697 75.372124379893
0.950277701015818 0.00838027153152539 -0.311290960358873 -19.0446981545264 -0.00598049124576385 0.999944592485028 0.00866289122699376 -4.1661729477384 0.311346309881057 -0.00637047949602607 0.950275166630403 76.0025136595736
0.944992708561434 0.0122706374382538 -0.326861151289937 -19.2941945984907 -0.00855998244252463 0.999881583489939 0.0127884986701421 -4.17093281519291 0.326979368563688 -0.00928711228054661 0.944985842263883 76.6666998275602
0.939148110609331 0.0142517388952823 -0.343216716197484 -19.5419294298137 -0.0100243294469003 0.999850507671971 0.0140881200748168 -4.1779456077026 0.343366188140393 -0.00979031391545475 0.939150579297789 77.2942922218243
0.932771033220566 0.0106246919383789 -0.360312802306346 -19.7937605889622 -0.00692254505159974 0.999909174573478 0.0115637785258676 -4.17953624294622 0.360402938326876 -0.0082920760368735 0.932759863802229 77.9199782629242
0.926567608928939 0.0105026112881015 -0.375981596943042 -20.0547187710753 -0.00820256551965123 0.999936575491743 0.0077177012601458 -4.19019900168299 0.376038806511516 -0.00406695831993274 0.926594990191194 78.515928504191
0.920818808365716 0.0109414818221679 -0.38983715335442 -20.331060724254 -0.0102974737710087 0.999939978442957 0.00374186389840826 -4.19043384032979 0.389854696257308 0.000568759205632834 0.920876209009163 79.1424768071985
0.915831458240148 0.015320786251516 -0.401270499297369 -20.6171009946579 -0.0152247365999757 0.999878220071232 0.00342818066114613 -4.19536823898987 0.401274155027689 0.00296960196313506 0.915953183285584 79.7501097851106
0.912125864512998 0.0204698390108738 -0.409398818973973 -20.9069044989997 -0.0189006714572656 0.999790319037089 0.00787924984876413 -4.1966877386748 0.409474262811327 0.000551044992401728 0.912321502785359 80.3570609014762
0.910152546836204 0.0290753621843661 -0.413251696670951 -21.1981030988389 -0.0242548268041521 0.99956282411618 0.0169075137612781 -4.20094245317312 0.413562625081465 -0.00536506838121948 0.910459867966179 80.9650768798283
0.910477297703816 0.0312627438551357 -0.412375716080135 -21.5205435276285 -0.0235591876070184 0.999440224434786 0.0237529463655065 -4.20631118962662 0.412887460508615 -0.0119112815596596 0.910704159607473 81.6427911036843
0.911731643482831 0.0326018018689278 -0.409490577165085 -21.7900791975544 -0.0249254853110184 0.999399471948425 0.0240710542191009 -4.20613164400638 0.41002942632707 -0.0117395904574164 0.911996738789008 82.246645100679
0.914483982987344 0.0315494008706631 -0.403390233104751 -22.070028435209 -0.0261119025542925 0.999478936597784 0.0189742942519214 -4.20211700396854 0.403778668833061 -0.00681840172368637 0.914831293733077 82.868859808987
0.918580005968251 0.0295234676727299 -0.394130863409535 -22.3436496888225 -0.0260833449182163 0.999560556492822 0.0140837857707604 -4.19250448412123 0.394373467354544 -0.0026568327641354 0.918946412739294 83.501434623827
0.923536107636038 0.0303925320705555 -0.382305312396802 -22.6350206565656 -0.0273286060973098 0.999536103706283 0.0134433878334627 -4.19734036070222 0.382536540975178 -0.00196758278175667 0.923938268195848 84.1825954625454
0.929168382728959 0.0310337988608703 -0.368351761045219 -22.878598245154 -0.027224184419662 0.999508618145938 0.0155359594065107 -4.19664720494679 0.368652899513262 -0.00440744600188801 0.929556676109749 84.8204843911366
0.934955939648945 0.0307244075799656 -0.353430900875996 -23.1287567183569 -0.0257027199420827 0.999491056667919 0.018894386161653 -4.19543707916201 0.353831543397047 -0.00858128310376459 0.935269800901086 85.4887185780602
0.940432516127087 0.0280046426795575 -0.338825061940916 -23.3664175122416 -0.022318424362016 0.999537261386343 0.0206676325273905 -4.18709754798055 0.339247064165443 -0.0118744721432401 0.940622361187765 86.1699486304471
0.945651240826346 0.0283289461589596 -0.323946294211115 -23.5953036020771 -0.0217417232312478 0.999477041124278 0.0239362013776893 -4.18176556809173 0.324454970981379 -0.0155921478629548 0.94577262422344 86.8534897734465
0.950919830415065 0.0303518287238978 -0.307945194176657 -23.8442352797377 -0.0222835362867132 0.999310913500669 0.0296840389606504 -4.1793854001889 0.308633958167183 -0.0213650333857414 0.950940910474717 87.5971669335172
0.955374363083836 0.0348522902648623 -0.293334526139439 -24.0688307945115 -0.0249205441920638 0.998984766918439 0.0375286815926634 -4.15833913580317 0.294344683728663 -0.0285438842522509 0.955272973464898 88.316733548042
0.959482674237666 0.0327206523543237 -0.279861316989761 -24.2751470641635 -0.0214283739577948 0.998831623495826 0.0433152709124338 -4.14100561114199 0.280951637523722 -0.0355632790136134 0.959062787599717 89.0379362010536
0.962536537701459 0.0312445103503482 -0.269345863459335 -24.4789458184343 -0.0192497979519431 0.99870655610757 0.0470601749525713 -4.12397458064466 0.270467851820687 -0.0401122844116891 0.96189300120688 89.768132021175
0.964691432730166 0.0261346236755734 -0.262082851522866 -24.6737339986091 -0.0144967562354283 0.998825108221391 0.0462411855944239 -4.10107686153599 0.26298342851912 -0.0408091243702134 0.963936891965685 90.5080930228356
0.966195325213627 0.0261798644787888 -0.256478475181069 -24.8728905262744 -0.015057346544296 0.998862897224338 0.0452348191512467 -4.07415559967114 0.257371074230145 -0.0398437855188644 0.965490861119435 91.2603342142774
0.967372941347886 0.0283959639520543 -0.251760325665449 -25.082002537302 -0.0161827381984945 0.998595465997845 0.0504501166792158 -4.04028010220194 0.252839299422258 -0.0447299063243053 0.966473757609528 92.0280491665439
0.968203607979455 0.0321245773544822 -0.248092291346109 -25.2902495310759 -0.0178877956917359 0.998072313188703 0.0594279766729666 -4.00922227464115 0.249523145741747 -0.0531005572093914 0.966911852530103 92.7987362926786
0.969277456947919 0.0299111417619788 -0.244144496253898 -25.4893216893002 -0.0141157315428883 0.997707031117386 0.0661923423209948 -3.97508872805698 0.245564569055848 -0.0607124670675263 0.967477151547772 93.579383872733
0.970170278095916 0.0277325447200598 -0.240833007419337 -25.6848569173544 -0.0121446334227127 0.997747706116595 0.0659698629534854 -3.93859550462738 0.242120092884338 -0.0610771716963351 0.968321971102203 94.4029250571779
0.971158925896146 0.0253076344624029 -0.237086195908072 -25.8774811444813 -0.0103282625877262 0.997882861277899 0.0642115422626758 -3.8944160210747 0.23820929378209 -0.0599109239266916 0.96936423162302 95.1709702866893
0.972148822252496 0.0262427711041701 -0.232890498642298 -26.0790753976588 -0.0108833996320801 0.997694103267451 0.066992745262491 -3.84816832567311 0.234111552482001 -0.0625922780391536 0.970192758025093 95.9724927771809
0.973175534283903 0.0276066597827422 -0.228401514458378 -26.2790636836889 -0.0107790329449868 0.997155448012695 0.074597754305162 -3.79802576271946 0.229811209300181 -0.0701347619532736 0.970704858979158 96.8298220675829
0.97428716667375 0.0312344282440752 -0.223134325793012 -26.4712090171347 -0.0124514307665824 0.996295105676563 0.0850942082446944 -3.74748287515322 0.224965505637423 -0.0801278534418096 0.971066449001358 97.6341462944728
0.975537339626186 0.0339382724586511 -0.21719827959168 -26.6628185799531 -0.0148578853342994 0.995931035830923 0.088885404381917 -3.68917894674591 0.219331124645947 -0.0834839237893528 0.972072164106286 98.4564950154925
0.976979791586937 0.0326477067527372 -0.210818912990588 -26.8610257264824 -0.0139279722330176 0.995873496510109 0.0896771461310348 -3.6280321434659 0.212876721179706 -0.0846764795708818 0.973402997420524 99.3532877224281
0.978206202537883 0.0338491217241104 -0.204858151595002 -27.0373448481673 -0.0153148616654172 0.995697227198326 0.0913919403543588 -3.5636371040744 0.207070230425775 -0.0862627886638955 0.974515598111874 100.155325420879
0.979543421719267 0.0353707967343685 -0.198099953823534 -27.213687370115 -0.0165980575891235 0.995278091010652 0.0956348578629197 -3.49777133044443 0.200547224988974 -0.0903904214647144 0.975505193351964 101.001990559878
0.980693694083907 0.0347072504533365 -0.192445538140094 -27.3971259038037 -0.0152602112221452 0.994705399544329 0.101628214934697 -3.42695806163684 0.194953851815029 -0.096729389966684 0.976030952777194 101.921307231864
0.981913561417193 0.0303706830388909 -0.186877980288624 -27.5567832984816 -0.011146150623038 0.99461112561001 0.103075080107065 -3.35481378001132 0.189001378913734 -0.0991278488848643 0.976960668780564 102.759536352877
0.983019325838516 0.0258844017054175 -0.181667285927713 -27.7148641868723 -0.00741509449753571 0.994795941840335 0.10161717606583 -3.28208204408581 0.183352178611495 -0.0985445678175813 0.978095571379436 103.615278368232
0.983816916742561 0.0239028004856157 -0.177575140321236 -27.8717760733844 -0.00585738795904213 0.994822562957785 0.101458164956801 -3.20734379036646 0.179080890486559 -0.098776132537415 0.978863274570812 104.474600662534
0.984385033663874 0.0245428379633365 -0.17430936464596 -28.0390804813681 -0.00643718517688401 0.994589289248778 0.103685622718917 -3.12841919229642 0.17591096653015 -0.10094451355233 0.979216797771623 105.412367786747
0.984763737158778 0.0255357903948772 -0.172012515201618 -28.1989624636355 -0.00663364268521232 0.993956003512594 0.109578546559062 -3.05160326993398 0.173771046960657 -0.106767909458697 0.97898122389963 106.276518449249
0.985049254984281 0.0266374749503596 -0.170201087491185 -28.3589671318451 -0.00713555189223388 0.993434349656599 0.114180895168864 -2.96775985938096 0.172125097397522 -0.11125932702762 0.978771839089813 107.164398906794
0.985315502931013 0.0237234425867782 -0.169087426959064 -28.5163326325703 -0.00419280984537815 0.993363685270263 0.114939154041961 -2.88605992283321 0.170692061998809 -0.112542378942836 0.978876107029118 108.051183627157
0.98533066307618 0.0218251277203791 -0.169254684431021 -28.6734015194976 -0.00243905048319125 0.993488124383438 0.113909603378373 -2.80306460299548 0.170638610620797 -0.111825804307713 0.978967544945356 108.916737110112
0.985230373605488 0.0219945481360019 -0.169815637611747 -28.834133412525 -0.00286081998670562 0.993692207099969 0.112105366766254 -2.70616962988727 0.17121018262415 -0.109963800412162 0.97907866689287 109.873451275285
0.985032007476345 0.0190087312337979 -0.171320204249244 -28.9945855821831 0.000848077185311098 0.993354336796221 0.115093189777795 -2.6190076840565 0.172369443383128 -0.113515768530284 0.978469695638434 110.765155921016
0.984689680397688 0.0162452390210199 -0.173557844903219 -29.154651209373 0.00486067745841211 0.992701973227517 0.120495502674748 -2.52728785856738 0.17424869334645 -0.119494286722608 0.977424425880441 111.672399353542
0.984118399038112 0.0144150844607034 -0.176927052806104 -29.3196330417554 0.00799669031710097 0.992085439106653 0.125309754035876 -2.42895425785578 0.177333103561167 -0.124734465375654 0.976214261076335 112.588408614689
0.983352106752347 0.0123546203144151 -0.181289816323498 -29.49055030784 0.0110021982339613 0.99180731208224 0.127268249513467 -2.33189392129749 0.181376916336511 -0.12714408777874 0.975159881846649 113.507465898211
0.982437590437874 0.0105762554184035 -0.186291501996063 -29.6734036413383 0.0134641725548148 0.991771471838217 0.12731089389864 -2.22875818252648 0.186105069657005 -0.127583268766642 0.974211174529825 114.452641810554
0.981096371979052 0.00779342214553517 -0.193362797509766 -29.8568311851306 0.0172674235768526 0.991677732723414 0.127581779669227 -2.12122610061398 0.192747879294582 -0.128508898492716 0.972796853426053 115.386525017794
0.979502716733356 0.00975340608784853 -0.20119467930753 -30.057735568655 0.0170918416012978 0.991200447056216 0.131261352675619 -2.01392830668333 0.200704501351241 -0.132009639137612 0.970716827046955 116.327664930976
0.977979866238144 0.00875956594913307 -0.208515350123689 -30.2681137283583 0.0193607881476873 0.99100228070456 0.132437304112777 -1.90664035633257 0.207799280833987 -0.13355803848044 0.969010685824535 117.270890297614
0.976427650289535 0.00644588073928268 -0.21574868335995 -30.484478482854 0.022859753161187 0.990844172283935 0.133061106024164 -1.79270897392633 0.214631021605607 -0.134856504746561 0.967340295703676 118.226578976777
0.974889838108596 0.00848249815709241 -0.222526067636154 -30.710555415902 0.0220816266842251 0.990667083540147 0.134503276365439 -1.6763343965369 0.221590174230659 -0.136039614874029 0.965603965334315 119.173386506103
0.973475424143704 0.00888181787484803 -0.228619141585899 -30.9516861617911 0.0232256987724368 0.990247811185176 0.137367533862626 -1.56215355030145 0.227609677968155 -0.139033757606582 0.963775621574351 120.161250103689
0.971916568783057 0.00438280489915175 -0.235284879127802 -31.1848006856901 0.0287953774087741 0.990098196131381 0.13739136893296 -1.44234329025671 0.233557293966288 -0.140308064766792 0.962166637021126 121.1202428152
0.970417853547453 0.00205255950242885 -0.241422816891534 -31.4305097392586 0.0312969090735202 0.990457057504119 0.134221163468081 -1.32430456070853 0.239394429757248 -0.137806401301864 0.961092973005958 122.076291555299
0.969205129178356 0.000172678160568038 -0.246254721287979 -31.6822678477657 0.0332659946736328 0.990741591804301 0.131622459585948 -1.20786167924643 0.243997522882387 -0.135761071192494 0.960226088156287 123.040325919018
0.968188662022491 -0.00117169532268138 -0.250218588160769 -31.9413268298129 0.0348761446170798 0.990859855104367 0.130308871836113 -1.09348484620629 0.247778871713765 -0.134890231939243 0.959380141580818 124.044657185515
0.967418912600135 -0.00416967862247666 -0.253146718967002 -32.1980581996486 0.038722452847015 0.990537657416377 0.131665184789248 -0.977224864047275 0.250202356481876 -0.137177851784686 0.958426323611082 125.009895860532
0.966618330859324 -0.00852501477334823 -0.256078750719089 -32.4562090879318 0.0447198624916646 0.989718876822268 0.13585535970434 -0.85803148148246 0.252287804591229 -0.142772087554897 0.957061646222308 125.995883300144
0.965783455714735 -0.0110478227576683 -0.259114380689337 -32.7236776596308 0.0478985239480098 0.989503432219277 0.136340342635158 -0.74145752055502 0.254888305089319 -0.144086443632235 0.956175218613257 126.989925822869
0.965119576975613 -0.0110934786230309 -0.261574342913164 -33.0103350678527 0.0466840027148541 0.990382114380369 0.130245427581893 -0.619042214748301 0.257613675935368 -0.137913749305538 0.95635505526115 128.051169025077
0.964947340365033 -0.010352658998756 -0.262239304403639 -33.2916359386547 0.0444659374125018 0.991224331749482 0.124487367061161 -0.49834495970263 0.258649204005109 -0.131784470251423 0.956939623313862 129.031599134196
0.965145942787082 -0.00678239744836426 -0.261624364703456 -33.5790963100966 0.0408891573302906 0.991295682055376 0.125143707597251 -0.384291186803996 0.25849832868793 -0.131479541462617 0.957022332154442 130.046789453732
0.965455848769057 0.000512068702142691 -0.260566194782179 -33.8905013600933 0.0342705723573504 0.991061632913441 0.128927761313242 -0.265175716110949 0.258303178354274 -0.133403813860733 0.956808701099385 131.12668906066
0.965719138002509 0.000451378969223169 -0.259588795506887 -34.1668306186953 0.0347855096224732 0.99075452476964 0.131131384377618 -0.143240613531983 0.257247963677063 -0.13566601603022 0.956774904185145 132.138625258106
0.966233764455677 -0.00281686053224897 -0.257651659654181 -34.446616993972 0.0375359852016561 0.990811970242204 0.129933403864066 -0.0233858336989695 0.254918344260967 -0.135217250828078 0.957461713510124 133.171927791459
0.966649339045118 -0.00426869032068316 -0.256068025349874 -34.7270865301229 0.0364962438737826 0.991952514660326 0.121236268674686 0.088018121239398 0.253489801583304 -0.126538480084128 0.959026033823512 134.196446761519
0.967146454161822 -0.0026007994913927 -0.254206553897064 -35.0147237769835 0.0320611568668543 0.993211444639752 0.111817299453065 0.193617121836061 0.25219004425745 -0.116293860881058 0.960664311556749 135.269069789546
