0.999999999956503 1.46160978923183e-06 -9.21178927089131e-06 -4.08472847020664e-05 -1.46158052586691e-06 0.999999999993886 3.17673566931225e-06 -1.76379522654024e-05 9.21179391398294e-06 -3.17672220540227e-06 0.999999999952526 -0.000839908094195512
0.999996358497511 -0.00228987188195871 -0.0014281031057949 -0.00420483412917855 0.0022940928208961 0.999992984709704 0.0029610250769035 -0.0204980283702304 0.00142131271917167 -0.00296429049540581 0.999994596411407 1.50941235684957
0.999991947172567 -0.00264716555090144 -0.00301630644391045 -0.0122666714753561 0.00265852279625258 0.999989368988371 0.00376751466898453 -0.0395521868984677 0.00300630114247732 -0.00377550324928067 0.999988353796511 3.02999447099097
0.999989964299404 -0.00142018786878764 -0.00424904305637746 -0.0262429370143782 0.00143534620327458 0.999992609723165 0.0035665502002742 -0.0557245403433016 0.00424394648344514 -0.00357261325526275 0.999984612558 4.54023603262449
0.999983100764134 -0.00101159639293393 -0.00572493309010598 -0.0467259733529985 0.00103058490136457 0.999993974875997 0.00331483128769188 -0.0721416425161963 0.00572154532530039 -0.00332067529918007 0.999978118277919 6.02252091052327
0.999974530196356 -0.0010520455390372 -0.00705918966750219 -0.0646895358715746 0.0010776326004192 0.999992860532796 0.00362182156028368 -0.09027028478861 0.00705532894743339 -0.00362933652611794 0.999968524629562 7.51414271354844
0.999961262459219 -0.00134783885304979 -0.00869809814788438 -0.0786234842819431 0.00138280100571118 0.99999098475916 0.00401475550737587 -0.104909485468454 0.00869260848897639 -0.00402662772448734 0.999954111360529 9.02879365868219
0.999940871203042 -0.00308777240422 -0.0104268767749668 -0.102112559920001 0.0031197714754069 0.999990469907649 0.0030540333693593 -0.120078079648704 0.0104173472459088 -0.00308638226078043 0.999940974818463 10.5075426511009
0.999921386732436 -0.00421747362344006 -0.0118081866227293 -0.125648534220616 0.00425792461969434 0.999985145976475 0.00340263197246238 -0.138677562716029 0.0117936607130532 -0.00345264284897957 0.999924491561409 12.0003897492462
0.999906870198092 -0.00404078445251471 -0.0130354513410497 -0.144473476579626 0.00408723232031118 0.99998538657856 0.00353852529839321 -0.156363918969795 0.0130209624304951 -0.00359147467426411 0.999908773762411 13.4856691527252
0.999890519650115 -0.00366119592558096 -0.0143368182738349 -0.176985834062199 0.00370878746586804 0.99998769598938 0.00329435356081879 -0.169929857944593 0.0143245805996363 -0.00334716510575274 0.999891795584102 14.9673361219268
0.999885364813956 -0.00213855392525929 -0.0149894568937861 -0.208741526686424 0.00219641587824635 0.999990196672352 0.00384477781933099 -0.186639771712579 0.0149810876825316 -0.00387726015363817 0.999880259763913 16.4643397614168
0.999883918567093 -0.000444116262982177 -0.015229975432021 -0.235493070302073 0.000518453905470677 0.999987970976702 0.00487740786140412 -0.20365083353557 0.0152276260941393 -0.00488473772515365 0.999872121193952 17.8981058279218
0.999870249109007 9.31303929782087e-05 -0.0161082672383316 -0.268116816265512 -3.55848050834338e-06 0.999984539978386 0.00556055676645645 -0.213762629048802 0.0161085360610088 -0.0055597779583066 0.999854791424748 19.3916608993408
0.999864526654399 -0.000864104036405224 -0.0164372036061036 -0.294266044512471 0.000955928921280904 0.999983978291648 0.00557936913158147 -0.229755805163966 0.0164321190986341 -0.00559432607409093 0.999849333138601 20.8220751297272
0.999855363018316 0.000702539227029455 -0.0169929244730148 -0.330658443787744 -0.000606719399313532 0.999983892367111 0.00564330558209063 -0.240764613772324 0.0169966154007672 -0.00563217941447567 0.999839683959364 22.2788550749076
0.999852994475669 0.00126557721599179 -0.0170993494714897 -0.366136686553387 -0.00115966522105255 0.999980092408453 0.00620241592907679 -0.254842348826374 0.0171068587009087 -0.00618167461878631 0.99983455745653 23.7491079843438
0.999854152389538 0.00225333069915772 -0.0169291597594097 -0.399015358906572 -0.00212717441102697 0.999969864098627 0.00746632597720452 -0.268743583763625 0.0169454736854553 -0.00742922575596141 0.999828814110817 25.190880303281
0.999856641398116 0.00274115925221775 -0.0167087611160541 -0.428635594404033 -0.00263616725756935 0.999976664670775 0.00630243890110997 -0.28241519343882 0.0167256472003179 -0.00625748830331195 0.99984053556848 26.5879411868534
0.999856608448763 0.00302124585582932 -0.0166623712242757 -0.462327921728355 -0.00295248111598616 0.999987030074896 0.00415000448778651 -0.291348556546404 0.0166746932984293 -0.00410021407581814 0.999852560554773 28.0361711844568
0.99986675428381 0.00103411728447716 -0.0162912332068645 -0.49285713176047 -0.000969848879382469 0.99999171902653 0.00395237542718939 -0.307170246156074 0.0162951855193386 -0.00393604875582551 0.999859477351234 29.4707370271309
0.999870623023561 0.00025382977860495 -0.016083307648608 -0.51514198794075 -0.000146135911575083 0.99997756534531 0.00669682390103041 -0.32276519965081 0.0160846466784827 -0.00669360713737798 0.999848228365045 30.8414182403421
0.999872189514062 -0.00145156671114464 -0.0159216076587696 -0.551476629964962 0.00157587300317511 0.999968356291553 0.00779763039956437 -0.331055006697027 0.0159097850593451 -0.00782172421231043 0.999842837334804 32.2657984592911
0.999874809548115 -0.00230920172867709 -0.0156535241558243 -0.582078144748698 0.00242221881782042 0.999971111416557 0.00720480314331143 -0.345077737049172 0.0156364346038122 -0.00724181743152562 0.999851517973128 33.6784331216567
0.999881271857526 -0.00237620476713551 -0.0152248428392844 -0.605394365628296 0.00245954858378019 0.999982081276858 0.00545781512771666 -0.361396888814855 0.015211601143216 -0.00549461337210821 0.99986919965291 35.02696210442
0.999890825495846 -0.00122715334054565 -0.0147251887564832 -0.630247007951571 0.00129799590824646 0.999987626069797 0.00480238627296291 -0.378562728399274 0.0147191132836678 -0.00482097520957688 0.999880045756575 36.3640104641986
0.999904949297986 -0.000626851073784731 -0.0137731415125138 -0.662752473391629 0.00067796137071078 0.999992901045565 0.00370651141300276 -0.390758660641942 0.0137707203069505 -0.00371549676438975 0.999898275999125 37.7415042126911
0.999922646802192 -6.63276572157514e-05 -0.0124376851842039 -0.689095917741711 0.000125905146791908 0.999988523038986 0.00478935676278578 -0.409110850872438 0.0124372247705623 -0.00479055225930361 0.999911179079951 39.0849446646526
0.99993970247847 0.000329005788134051 -0.0109764822443365 -0.710332446057721 -0.000253038486399965 0.99997601352057 0.00692158616448356 -0.427931462207442 0.0109784961990821 -0.00691839133753968 0.999915800696492 40.4019163253248
0.999956061448906 -0.000562689142498277 -0.0093572727073681 -0.725438739446472 0.000638835514554093 0.999966692687001 0.0081366704373548 -0.446725502676762 0.00935238262564603 -0.00814229068196989 0.99992311506519 41.6395657541636
0.99997553604051 0.000230702340171718 -0.00699100113893506 -0.744425544931092 -0.000170420667876343 0.999962814295698 0.00862212170085111 -0.454613491230639 0.00699273031728756 -0.00862071935853188 0.999938390562364 42.9385764278107
0.999993761947784 -0.000138710563819018 -0.00352942274298403 -0.760731228873223 0.000167188424813907 0.999967425570117 0.00806968690245932 -0.469775327828476 0.00352818842323027 -0.00807022664195996 0.999961210911902 44.1971933964499
0.999999666542598 -0.000811856700414662 8.83367979494777e-05 -0.766663281049822 0.000811286359613578 0.999979979744177 0.0062755019941753 -0.48279337162715 -9.34298377666209e-05 -0.00627542823512348 0.999980304941718 45.4471242210687
0.999994324897448 -0.00111362436830248 0.00317962476768356 -0.761618231468144 0.00109898950496351 0.999988812622727 0.00460074466328177 -0.499716233950003 -0.00318471269739106 -0.00459722417933458 0.999984361445158 46.6016083731585
0.999970050352992 -0.000683121598033911 0.00770919852619294 -0.764059206451811 0.000643099244982077 0.999986310575171 0.00519279169805158 -0.510812899425766 -0.00771264029986225 -0.00518767839602163 0.99995680065314 47.8189280258149
0.999914290840939 -0.000335784998290775 0.0130880946090873 -0.757480755170282 0.000269204204028889 0.999987016976981 0.00508855643335781 -0.527368337204652 -0.013089633346967 -0.00508459692737358 0.999901399325418 49.015047020709
0.99980604551528 0.00120944384984596 0.0196572784655431 -0.743549893235013 -0.00129206682059122 0.999990382921183 0.00419101759442843 -0.542388217076849 -0.0196520206194926 -0.0042156032450589 0.999797992984008 50.2115793431042
0.999642974047769 0.0021226298759105 0.0266349184219167 -0.716868704945754 -0.00224029045450131 0.999987861147355 0.00438846859591358 -0.5614033657565 -0.0266252800100156 -0.00444657175223132 0.999635594836459 51.3883996169623
0.999361642770878 0.00371771900464756 0.0355314722984251 -0.692695477295448 -0.00390861363330708 0.999978291744405 0.00530459983482278 -0.570245078528091 -0.0355109799605248 -0.00544009240220772 0.999354479500091 52.5596181902566
0.998923874597318 0.00599695347710264 0.0459905349879307 -0.651914645728579 -0.00627831194064874 0.999962435959417 0.00597574006166085 -0.586014470291544 -0.0459529711624669 -0.00625805234095222 0.998924001724976 53.7343991984269
0.998221085510878 0.00837577279778412 0.0590297456501787 -0.598656357466085 -0.00874030542089338 0.999944279281922 0.00591991490700863 -0.60046198235494 -0.0589768726081199 -0.0064253218905064 0.998238670727582 54.8763005170476
0.997264940009975 0.0105630251907999 0.0731509530062338 -0.516473154423816 -0.0110617422141378 0.999918233964162 0.00641585888080352 -0.613205390558004 -0.0730772008638102 -0.00720748810675045 0.997300243070812 55.9763035600019
0.995857299599682 0.0127218275488217 0.0900355148696778 -0.442990317484795 -0.0134746177712584 0.999879115779065 0.00775812508236035 -0.625484608602522 -0.0899259334672064 -0.0089391796431833 0.995908337929429 57.0906526988033
0.994091478552345 0.0128932549733837 0.107777067346466 -0.336679794479621 -0.0138959509695341 0.999866826505739 0.00855755806254792 -0.637568045854103 -0.107652379519757 -0.0100046603906825 0.994138255955479 58.202098504909
0.99183706576798 0.0124713431970659 0.126900356845929 -0.204846705513877 -0.0135492058952755 0.999879062475864 0.00763409732673561 -0.648794255346122 -0.126789802383198 -0.00929117975542606 0.991886092245668 59.2959659336218
0.989039468942474 0.0115704881988371 0.147197325644287 -0.0515587095682877 -0.012711903863537 0.999895969727796 0.00681595351171441 -0.660499096895103 -0.147103148756762 -0.00861240529412254 0.989083661830937 60.3858664919345
0.985797706239085 0.00867621672783832 0.167712866641323 0.117313135783172 -0.00994488590817069 0.999927926782182 0.00672610476879102 -0.670747041022052 -0.167642421892647 -0.00829846397707816 0.985812940611752 61.3700582510584
0.981785460750855 0.00339621019796133 0.189962561612867 0.31436454269604 -0.00516532536997337 0.999947774273186 0.00881862460502112 -0.676873167738118 -0.189922690777203 -0.00963921585987356 0.981751728822289 62.4537383616437
0.977022697542216 -0.00198298328781768 0.21312605721641 0.538169781735191 -0.000214742843663173 0.999947051846141 0.0102882160611673 -0.685712260338767 -0.213135173945652 -0.0100975879045642 0.976970540162633 63.4858800004106
0.971458656929806 -0.0069726594598945 0.23710643157914 0.784405307114381 0.00478854782261616 0.999940648353395 0.00978619335299231 -0.695385875516082 -0.237160594715664 -0.00837148676448673 0.971434388172184 64.5066426771949
0.964926820491256 -0.0129350680202695 0.262200143234031 1.05501913785406 0.011232579019642 0.999904982612954 0.00799092700225888 -0.702388112492642 -0.262278592845857 -0.00476547595722968 0.964980429839745 65.4983617489324
0.95748554609561 -0.0163489471260923 0.288017605270683 1.33108247631557 0.0144219989935637 0.99985717489123 0.00881111590874102 -0.717720258989114 -0.288120521592997 -0.00428272651425019 0.957584577617342 66.3708077199908
0.948760991480412 -0.0192107917193394 0.315410092620102 1.65190847895567 0.0165063614793035 0.999800540028023 0.0112436733493967 -0.719915500882612 -0.315563180798742 -0.00546128567184749 0.948888851912062 67.3633726746446
0.938980924835767 -0.023591144194464 0.343159264351356 1.99690856417138 0.0199380206179362 0.99970079441739 0.0141702849328228 -0.725425358172053 -0.343390882418864 -0.00646371076353513 0.939170337220442 68.3078616347178
0.927879804676792 -0.0264627221149173 0.371939232148515 2.37039433912569 0.0230240733076187 0.999641254288867 0.0136841065512657 -0.724742638856498 -0.372167919253237 -0.00413364996699796 0.92815621143031 69.2677013209412
0.915774895408161 -0.0258385920658964 0.400859960709752 2.761654744669 0.0238771482403342 0.999665994758855 0.00988841315372838 -0.730354570506505 -0.400981574055568 0.000515832183873017 0.916085973686464 70.1634310333867
0.902788223580203 -0.0269278609989454 0.429241556314068 3.13833296147693 0.0276166822473548 0.999607886762196 0.00462510372472169 -0.75150185362897 -0.429197789167827 0.00767873849257001 0.903177886547613 70.9099141744632
0.888141034234482 -0.0298144036800898 0.458602883377445 3.56417944719205 0.0320798758607222 0.999481242087974 0.0028510136866206 -0.755432535603334 -0.458449980776165 0.0121798213238658 0.888636746414896 71.7980424591726
0.872388300144546 -0.030403110144753 0.487867097337415 4.03774526154279 0.0313971287510322 0.999488109757747 0.00614318802223 -0.762299832943555 -0.487804134952852 0.00995838071231364 0.872896303449893 72.6504419124971
0.854658670870075 -0.0291610591738625 0.518370706092132 4.53455968224563 0.0269433332032163 0.999567216576904 0.0118083165862651 -0.768534033044256 -0.518490706862233 0.00387455449819642 0.855074484898797 73.4769105446377
0.834969874665356 -0.0294215485002169 0.549508581266179 5.05070429215413 0.0249794647006223 0.99956682432777 0.0155624563153793 -0.776835323522041 -0.549728419080358 0.000732248009290212 0.835343120560805 74.2709504111827
0.813980051999929 -0.0224010986080418 0.580460735732698 5.57713872053791 0.0202597897045083 0.999743005618055 0.0101717077674756 -0.790584380539004 -0.580539418013386 0.00348044522017073 0.814224705246499 74.9643392293239
0.792154273936521 -0.0153050588010344 0.610128971168556 6.15147552751578 0.0172402903463012 0.999847736632944 0.0026973948087849 -0.789258569346905 -0.610077354663225 0.00838204778536279 0.792297521517041 75.7309579117166
0.76962961960345 -0.0129948419004038 0.638358349763699 6.74674051080917 0.016337061944548 0.999866325221541 0.000657339326925982 -0.795687859562954 -0.638281559373345 0.00992299208677653 0.769739037071641 76.4548352128404
0.746318305345955 -0.0154295328054404 0.665410337027422 7.37565422201044 0.0172786673107011 0.999843473447874 0.00380476801610924 -0.805762095664203 -0.66536488843454 0.00865783582058118 0.746468088478935 77.1550571428234
0.721707568405431 -0.0157864501474103 0.692018044344267 8.02963395630037 0.0175203432555592 0.999836215717005 0.00453644275904468 -0.820856896079442 -0.691976316992516 0.00885040860311176 0.721865948074177 77.8434392450487
0.696229437435658 -0.0142291538449586 0.717678271671147 8.65566380287672 0.0180123486718962 0.999835004309018 0.00234935176347554 -0.842278237692558 -0.717593287136488 0.0112913834069615 0.696370863058907 78.4562742749406
0.6702664985712 -0.0119153775480493 0.742024827530043 9.33121424970942 0.0182647151562261 0.999833087963596 -0.00044316299784783 -0.836985372142946 -0.741895694200583 0.0138499094245478 0.670372254001884 79.0300853676989
0.643299446293854 -0.00961281102957655 0.765554319602555 10.0346678388822 0.0165464271519978 0.999862188321987 -0.00134911544042989 -0.848007659174009 -0.765435848485374 0.0135350739960159 0.643369849795122 79.6234763291009
0.615139576364678 -0.00826791606814653 0.78837487476059 10.7613156211081 0.0165840550072376 0.999859463369662 -0.00245410465302535 -0.861265523748268 -0.788243788880954 0.0145840691859703 0.615190242296297 80.1984274779411
0.586386757259341 -0.00166315943929984 0.81002950860543 11.5079653388138 0.0150583471639663 0.999847468249274 -0.00884796113270471 -0.876336436681611 -0.809891237816267 0.017386032790601 0.58632235909288 80.7476356003831
0.555390332737663 0.00778188248695347 0.831553378086162 12.2465677714948 0.0132075921430984 0.999747543137976 -0.0181771697291726 -0.913020328243561 -0.831484899328502 0.0210782422070919 0.555147340707068 81.2787387661756
0.525340296706929 0.0160136684806301 0.850741520720406 13.0385674155282 0.0128218776703962 0.999560388876387 -0.0267325352761479 -0.920679087009861 -0.850795611242137 0.0249517817215038 0.524904025970501 81.7476538425239
0.49343471227877 0.0209189593815411 0.869531242599575 13.8478299833322 0.0103702571065874 0.999498185493683 -0.0299305022072647 -0.946992264222498 -0.869721014168285 0.0237860112929688 0.492970164595039 82.2188679554636
0.460750892538806 0.0203313768008829 0.887296596489626 14.6825820150843 0.00826818595193024 0.999595870015691 -0.0271980467798472 -0.985268666928753 -0.887490987067338 0.0198678575834178 0.460396585683785 82.6691702540838
0.426924377513709 0.0190551977512805 0.904086541943409 15.5833789571117 0.0026126778005294 0.99974779475645 -0.0223051741604045 -1.03734894079625 -0.904283556081411 0.0118847094316585 0.426766919854952 83.1381890229652
0.393557884076897 0.020152981491417 0.919078913487804 16.4160096009009 -0.000825247900547532 0.999767024034975 -0.0215688807811938 -1.05280747411611 -0.919299467446174 0.00773013513836014 0.393482825754726 83.4681981000382
0.35850577596121 0.0230988218470967 0.93324169057738 17.2991674520406 -0.0080344225997291 0.999733151097472 -0.0216581312723138 -1.082426076098 -0.933492933372256 0.000266507027866324 0.358595694784621 83.8183581675891
0.322710812490666 0.0249542146646846 0.946168599495926 18.2058307708898 -0.0130353753058454 0.999674756696442 -0.0219193935715561 -1.11198796173531 -0.946407845747408 -0.00526003748825596 0.322931140513535 84.142308813887
0.284812600990467 0.0244631705690621 0.958271013650499 19.1963486546963 -0.0162146231111183 0.999654230163375 -0.0207003892193782 -1.15939420776012 -0.958446069590986 -0.009642271629566 0.285110782474834 84.5052239986935
0.249462282880862 0.0241049579187079 0.968084459344125 20.1220359974265 -0.0168235769183038 0.999647154019817 -0.020555649339133 -1.17991247452932 -0.968238367696479 -0.0111587841549519 0.249779792730798 84.7013036155407
0.213630173112191 0.023466343303163 0.976632725167467 21.0804941823008 -0.016213581931254 0.999658929274392 -0.0204730281818625 -1.21145534716248 -0.976780051443013 -0.0114610581516246 0.213937783593808 84.9147474447658
0.178411903735852 0.0222741719846487 0.983703742936738 22.0511039737808 -0.0141458284199285 0.999698484812576 -0.0200707499050938 -1.23729829236549 -0.983854200653564 -0.0103344436636506 0.178673196452349 85.0877699013093
0.14259411021158 0.021234881950037 0.989553434394291 23.11228744681 -0.0066814931996927 0.999767705749613 -0.0204912710386066 -1.28034054054829 -0.989758696542542 -0.00368975998178358 0.142702867138984 85.2929682821989
0.109801970251486 0.0247108606950909 0.993646265374454 24.0505701745858 -0.00394156400262302 0.999693877793713 -0.0244256990684597 -1.30776000525867 -0.993945668234489 -0.00123453046845397 0.109865756869088 85.3411414854873
0.0772975418465714 0.0296519843551324 0.996567032290493 25.0260202133408 -0.00309787336649983 0.999559957547198 -0.0295007533607174 -1.34056388642793 -0.997003256366339 -0.000806902749859052 0.0773553857392593 85.4155543199879
0.0483246180933882 0.0335181534427486 0.998269134390079 26.0135999902718 0.00373107547699986 0.999423762812631 -0.0337375369763023 -1.37869736399856 -0.998824714532992 0.00535497107656009 0.0481717128910328 85.4555187616243
0.0217250367740375 0.0318151032423608 0.999257635438852 27.1102411324676 0.00534186178317149 0.999475571059906 -0.0319381803984451 -1.42082229390903 -0.999749712322968 0.00603175431794518 0.0215436916518905 85.5455652756928
-0.0004266716535688 0.0288617876381471 0.999583320772026 28.1063421400517 0.00696051222276481 0.999559282902431 -0.0288581224818053 -1.45954405189695 -0.999975684314822 0.00694529897906733 -0.000627376437702054 85.5040656549829
-0.0192850178509429 0.0262327117301863 0.999469825918607 29.1039608208401 0.00743939502072454 0.99963182667445 -0.0260934187340033 -1.49870417599022 -0.999786348920716 0.00693223880022593 -0.0194730731268131 85.4851158739434
-0.0358309557261567 0.0293647725508804 0.998926350010243 30.0993728471879 0.00884101597731345 0.999538405904869 -0.0290656422196802 -1.5371754527251 -0.999318757478433 0.00779007408107429 -0.0360740307918632 85.4513900092218
-0.0507553782103338 0.0338108619598597 0.998138626241995 31.2416163712855 0.0119692087155318 0.999375588050121 -0.0332441280860081 -1.57779160309809 -0.998639389181826 0.0102596112502465 -0.0511283752093081 85.4309887128029
-0.0623462104168979 0.0390626438082058 0.997289857516542 32.198234807765 0.0164199240479026 0.999138691009441 -0.038108558385242 -1.61780082825833 -0.997919503838317 0.0139994995143943 -0.0629339167097795 85.3425579895084
-0.0714064344248908 0.0425148816389473 0.996540820017901 33.1950962988819 0.0217469283554153 0.99892006760112 -0.0410581252723216 -1.665192955479 -0.997210204635827 0.0187398874863091 -0.072253888387908 85.2680128694258
-0.07720966849936 0.0478926884704128 0.995863925183203 34.2049737586304 0.0256272135432742 0.998610913651659 -0.04603790896432 -1.71550978449921 -0.996685463431782 0.0219666457811743 -0.0783297737574802 85.1877301959922
-0.080588640196001 0.0525515385563085 0.995361143940592 35.3643129010305 0.027301144754514 0.998350890948209 -0.0504989706628826 -1.77991504660864 -0.996373483472163 0.0231048552967213 -0.0818904579011803 85.1116607401678
-0.0836094296975962 0.0567656705242968 0.994880456092877 36.342356499809 0.029600763710262 0.998077079679302 -0.0544604242235121 -1.83927423804041 -0.996058862745276 0.0248958162903459 -0.085128962626273 85.0209485047845
-0.0862638087508516 0.0596344260506732 0.994485942851584 37.3500999077949 0.0298333661897567 0.997913903469 -0.0572521748499672 -1.90415912904956 -0.995825549763403 0.0247300726418289 -0.0878629497885512 84.9355328257789
-0.0887972880369163 0.0630060565142521 0.994054967534397 38.3623348337274 0.030650730304476 0.997697553959389 -0.0604989549930768 -1.97492861160071 -0.995578010187595 0.0250963675852688 -0.0905240187184255 84.849243878451
-0.090482626210689 0.0666842864487197 0.99366297118029 39.5566956808043 0.0320918069874784 0.997432802042371 -0.0640150086634634 -2.05334530018242 -0.995380836804836 0.026096194180952 -0.0923903586472901 84.7449208165406
-0.0926144748594093 0.0681942972615459 0.99336403038741 40.5249173247592 0.0348718858762548 0.997262011317644 -0.0652106767187782 -2.1177033489665 -0.995091207187537 0.02860102452171 -0.094738961226938 84.6478597926954
-0.0946829527849704 0.0668876452211947 0.99325786247514 41.5545223685359 0.0350664819493265 0.997345140745881 -0.0638201541386102 -2.19197062066414 -0.994889682475207 0.0287873782644755 -0.0967770972753439 84.5488204798704
-0.0970045676804214 0.0665359228160645 0.993057442862269 42.7558881478598 0.0343648539452503 0.997391939600599 -0.0634694858422325 -2.28095895496803 -0.994690489882384 0.0279694439481812 -0.0990380711785797 84.4294685101876
-0.0991030461156648 0.0679895248384895 0.992751736721136 43.7451514040917 0.0344728060141081 0.99729877874372 -0.0648596296767051 -2.34730160483974 -0.994479870030616 0.0277951511692612 -0.101179136561684 84.3464371632994
-0.101651005090393 0.0701335427488732 0.992344879235846 44.7674255312336 0.033253593570658 0.997193975729262 -0.0670699134031447 -2.42102983427375 -0.99426418605859 0.0261813091872772 -0.103697962229206 84.2526571707888
-0.10429028319072 0.0723726081900235 0.991910148358093 45.808442942255 0.031615699813363 0.99708598285329 -0.0694261501366717 -2.49753392037207 -0.994044256739765 0.0241194606337229 -0.106274490172512 84.1464089314672
-0.106494461432141 0.0756952582818209 0.991427837796542 47.0307992866217 0.0289783659040264 0.996910770761921 -0.0730011605962921 -2.59718265096783 -0.993890931638785 0.0209557393694826 -0.108359000519881 84.0103594602871
-0.108645220988209 0.079979435152277 0.990857964548475 48.0726344211736 0.0263009906030118 0.996640527066168 -0.0775623471961172 -2.67967397648873 -0.993732596753133 0.0176337676630225 -0.110383768681283 83.8961978185689
-0.111191869774165 0.0823754629867686 0.990379044201684 49.1054473407249 0.0240315346531273 0.99649021058254 -0.0801856942065136 -2.76404970999497 -0.993508355998248 0.0148843310525022 -0.112781218519658 83.7839910659176
-0.11414344531714 0.0807525544851492 0.990176902798312 50.1482117379335 0.0224386758551228 0.996646294157001 -0.0786935205019104 -2.85676535983007 -0.993210843535753 0.0132359090068978 -0.115572622172205 83.6746875127129
-0.117343055381276 0.0764047087415168 0.990147932298963 51.417791133077 0.0187353558951327 0.997028888564089 -0.0747153385064989 -2.9621605516841 -0.992914696131178 0.00978344779625196 -0.118425885497844 83.5313725341086
-0.11938613410325 0.0749290976711467 0.990016455068333 52.4583954758204 0.0186963954538306 0.997141011216967 -0.0732137182926729 -3.04477418529664 -0.992671846977094 0.00976903635947047 -0.120445714526058 83.4074500825528
-0.121574325315392 0.0752914731409005 0.98972262654563 53.4845406482359 0.0179605984953845 0.997122540820294 -0.0736481872809443 -3.13105042874833 -0.992419820603053 0.00882228203780107 -0.122576780076207 83.2974928520611
-0.122757482119721 0.0781142064542265 0.989357756998778 54.5395428399139 0.0193254451297507 0.996896719822766 -0.076311579574444 -3.21625172161845 -0.992248521165017 0.00975196168143557 -0.123886123069537 83.1675976966162
-0.123442154399153 0.0809238931919286 0.989046691530768 55.7887335723521 0.0201466748524688 0.996668397548723 -0.0790330109514389 -3.32149626815066 -0.992147240085707 0.0101699969676829 -0.124661241578899 83.0038914478934
-0.123673543987514 0.0816195604165043 0.988960616948413 56.8506630216142 0.0184386110553915 0.996628597759893 -0.0799465805991506 -3.40732412749644 -0.992151637674361 0.00834778321263136 -0.124761542053305 82.8751130488916
-0.123766018087821 0.0802537238036035 0.989060823499921 57.8876132949501 0.0153893538019762 0.996759572013791 -0.0789526654929567 -3.49925311470438 -0.992192088537418 0.00544934991903125 -0.124600016168607 82.7563864836392
-0.123870476644226 0.0795585852463048 0.989103905830697 58.9434297251626 0.0117291196588799 0.996828472720851 -0.0787110140008578 -3.59120594985658 -0.992229072728652 0.0018513472451171 -0.124410770214713 82.6317613331171
-0.123883370956702 0.080586875137126 0.989019042261593 60.2549857555596 0.00813634726426193 0.996745800388138 -0.0801973145548228 -3.70486728951729 -0.992263427852503 -0.00188811128991836 -0.124135912540076 82.4764702250555
-0.124044853535611 0.0808776371733121 0.988975066478721 61.2585352578514 0.00361658721516828 0.996702987388181 -0.0810560005699174 -3.79145865284194 -0.99227002101658 -0.00647786513733063 -0.123928377117667 82.3635455914531
-0.124518049476248 0.0802983381668919 0.988962806298733 62.3159269089104 0.000311042941071231 0.996723045879456 -0.0808892642139195 -3.88365569052018 -0.992217294047488 -0.00976456350360487 -0.124134985772201 82.2434238599508
-0.124871598378484 0.0751133106487101 0.989325565464571 63.3830485033052 0.000898554796635833 0.997138345527394 -0.0755930716280794 -3.97406251457869 -0.992172503407386 -0.00855046444825487 -0.124581752436058 82.1153826697599
-0.125113298632192 0.0665280482269432 0.989909430859453 64.7752105509063 0.00430565849239867 0.997776297632193 -0.066512564138967 -4.08094699634668 -0.992133117988871 -0.00405939435222585 -0.12512153094961 81.9416930154192
-0.124592461760261 0.0610343784285227 0.990328997415688 65.7546935822574 0.00919819106316985 0.998134399541096 -0.0603582118182951 -4.15678024524108 -0.99216536512503 0.00158905713573833 -0.124921427880632 81.8142837012153
-0.123786611667089 0.0635462564961499 0.990272057596955 66.8480648169575 0.0175371712838613 0.997931646660502 -0.0618455836484739 -4.23060489456594 -0.992153880401293 0.00971091544528147 -0.124644998800083 81.668085101596
-0.12247032884141 0.0692592480890075 0.990052612292712 67.9371660887628 0.022944534573383 0.997493050435925 -0.0669414868765507 -4.30664303114595 -0.992206917374944 0.0145179504813143 -0.123752423116214 81.5220975126573
-0.121707975967434 0.0751290332087872 0.98971854431198 69.356269442706 0.0269454648607041 0.997013856771407 -0.0723692706142974 -4.4052435294914 -0.992200136317947 0.01786050880904 -0.123368925243479 81.3364676649898
-0.121010570169277 0.0794364023630157 0.989467685115046 70.3319531807837 0.0273642303603401 0.996681031919938 -0.0766688953082982 -4.48828334554848 -0.992273974668334 0.0177982749340948 -0.122782655962793 81.2226974696136
-0.120949587544175 0.0765886837920158 0.989699636651394 71.4519525377611 0.0244555811419212 0.996946387694887 -0.0741608024034676 -4.57570273461107 -0.992357355907591 0.0152339613076137 -0.12245327516638 81.0946750244986
-0.120684431697682 0.0719713578002106 0.990078477496709 72.5830394211761 0.0237957413360393 0.997291471839723 -0.0695951355342328 -4.66717815057853 -0.992405678460213 0.0151606019720192 -0.122070166329739 80.9604551747113
-0.12065526229674 0.0699793918555056 0.990224819117173 73.9980816709912 0.0215660783293252 0.997461532473699 -0.0678630643333548 -4.76978577608189 -0.992460181541606 0.0131672301853214 -0.121858163877717 80.7883437709473
-0.120673552995436 0.0706192425375495 0.990177164042315 75.0594198519471 0.0199107697825861 0.997437929361245 -0.0687105400809533 -4.85250782800914 -0.992492546498019 0.0114236445574166 -0.121770462308818 80.6653873787414
-0.120498122350313 0.0758313012682048 0.98981302085698 76.1834168695235 0.0209201350415586 0.997050724913344 -0.0738390133981915 -4.94129439191671 -0.992493098444464 0.0118095595915394 -0.121729141302984 80.5347736081118
-0.119721119204675 0.0784002469355823 0.989707156130954 77.3433530111914 0.0205873702614833 0.996858827129403 -0.076476394788904 -5.03355474619136 -0.992594083098472 0.0112196280968414 -0.120959109385246 80.3901016188304
-0.119424586805791 0.0773610289233143 0.989824751797101 78.6853543064777 0.0202827121635504 0.996941760402823 -0.0754701129733546 -5.13559676008175 -0.992636076139466 0.0110633434750291 -0.120628449287872 80.236858456089
-0.118430213211286 0.0707402741828277 0.990439346051674 79.7982153242627 0.0221626819942818 0.997398917391186 -0.0685872809908009 -5.22512092157638 -0.992715014556318 0.0138279859498448 -0.119689960644246 80.0872618978509
-0.118704617314631 0.0691189066679714 0.990520969272843 80.9309445196777 0.0213707665992568 0.997520970276953 -0.0670462839588193 -5.31221235209303 -0.992699604192098 0.0132094889662998 -0.119887469062042 79.9562872414118
-0.118513791856325 0.0722313098158888 0.990321725007645 82.0749648880747 0.0191355050412331 0.997331571253246 -0.0704526041275116 -5.39336320488441 -0.99276800592417 0.0106007011000225 -0.119579728840365 79.8272922898091
-0.118573016519519 0.0752712359487238 0.990088218691756 83.4394056822706 0.0183622386128397 0.997118293756582 -0.0736066331867482 -5.49713780994984 -0.992775537544408 0.00945247558658094 -0.119613472312688 79.690185066877
-0.118065579638348 0.0747092894265024 0.99019141633224 84.5858088038613 0.0178509407964465 0.997164339641271 -0.0731069330533718 -5.58435489742497 -0.992845336805961 0.00904443592356808 -0.119064416856935 79.5296218920781
-0.117680886316016 0.0712146190453673 0.990494667845365 85.7793353032319 0.0174446985398666 0.997419654072622 -0.0696399035216465 -5.67905794224464 -0.992898228162751 0.00908359531651846 -0.118619546481158 79.3909937196769
-0.117311896404934 0.0703511813760635 0.99060013640261 86.9363864851892 0.0189744942081086 0.997464364781334 -0.0685916143629505 -5.75532590016785 -0.992913836912058 0.0107495241923293 -0.118349314312395 79.2788577753831
-0.11631064476662 0.0706006557653198 0.990700449843181 88.2808639237706 0.01964320717983 0.997438813105193 -0.0687746939142137 -5.87015622882678 -0.993018619324766 0.0114613051966313 -0.117399574775747 79.1218293170763
-0.114988643908323 0.0708988721046607 0.990833468200591 89.495547921465 0.0224508589802081 0.99738045154347 -0.0687618630491851 -5.96114660812983 -0.99311307045229 0.0143382290828063 -0.116279166163133 78.9623574403339
-0.113844437811374 0.0703823494684049 0.991002406083214 90.6856818279441 0.022403377961749 0.997415706304441 -0.0682641741553789 -6.04859451131453 -0.993245957774466 0.0144303049351081 -0.11512703272544 78.8272131685948
-0.112530098396115 0.0711057513609099 0.991100877347186 91.8789495321939 0.0236959239764711 0.997344651952454 -0.0688632587722924 -6.13768498350226 -0.993365733323766 0.0157358617571095 -0.113916208297587 78.6966646145142
-0.111763793480959 0.0692099046509429 0.991321765909008 93.1857119492607 0.0232196870107399 0.99748127034146 -0.0670220967525609 -6.23531629548548 -0.993463487301808 0.0155275373512271 -0.113089323023605 78.5778777681368
-0.110354691246258 0.0685208747554299 0.99152747407356 94.3981540640482 0.0222082692112548 0.997541592329392 -0.0664647602236017 -6.31971666210825 -0.99364411883661 0.014685410981349 -0.11160512445997 78.438812251676
-0.109036503516226 0.0677590909870049 0.991725640734155 95.5975501266536 0.0232648899417343 0.997574696474372 -0.0656008372664874 -6.40776434269915 -0.99376545814239 0.0159195019608013 -0.110348464694191 78.3111205735428
-0.107205914554558 0.0686803510175915 0.991861835775841 96.8006664735406 0.0212664018025293 0.997541395037367 -0.0667750353146843 -6.49411735646257 -0.994009372208781 0.0139346536018798 -0.10840292150169 78.1811195022919
-0.105962158624856 0.0712228056724119 0.991816178982633 98.1327915335548 0.0214335533515441 0.997363413122501 -0.06933126967943 -6.59713934192617 -0.994139137007636 0.0139116539917145 -0.10720933799314 78.0394044204996
-0.105555702236272 0.0699553181463816 0.991949720090916 99.3545067061738 0.0191340036664502 0.997480692298223 -0.0683092848443782 -6.68650163958324 -0.994229291274955 0.0117695350501479 -0.106628300256562 77.9456662790165
-0.104892423309549 0.0686073188588067 0.992114214862007 100.60253353796 0.0151669082621928 0.997611832099168 -0.0673839546888354 -6.78181392503397 -0.994367912005419 0.00797923898293676 -0.105682483502407 77.814779574015
-0.104737695482393 0.0698832422460514 0.992041504977598 101.818628489757 0.0125784168599737 0.997541323472671 -0.0689426674396061 -6.86146995853068 -0.994420332944945 0.00525741548397054 -0.105359199921481 77.6906219985798
-0.104753884329809 0.0689519212772406 0.992104962325053 103.17460228949 0.00991798870296508 0.9976163673776 -0.0682877517598134 -6.97431561753755 -0.994448720255552 0.00268627855950526 -0.105188053930073 77.5459420025345
-0.105724355389418 0.0664739519714833 0.992171141682112 104.383418893804 0.00724086543199963 0.997788141082983 -0.0660787059646326 -7.05820137400546 -0.994369111821806 0.000198049129355925 -0.105971836972163 77.424768999719
-0.106934066329033 0.0650243041279034 0.992137563713329 105.637803622468 0.00528620787638904 0.997882252833147 -0.0648310534152522 -7.14917298209158 -0.994252061332852 -0.00168800276232478 -0.107051339001662 77.2949318507665
-0.108686263090144 0.0641190907461522 0.992006067732142 106.8929680794 0.00299103441656242 0.997934206245026 -0.0641745566344597 -7.24508944440483 -0.994071602012963 -0.00400776845604059 -0.108653522093781 77.1752482171498
-0.110365438130177 0.0643232153578211 0.991807437979957 108.245920049768 0.00329422768855722 0.997921748315231 -0.0643531840968868 -7.34668248976895 -0.993885616220635 -0.00383512783401429 -0.110347966289492 77.0302046769298
-0.113008471538506 0.0631061563284922 0.991587968056276 109.492693930302 0.00279885483399735 0.997997268901753 -0.0631950763609081 -7.42663075842735 -0.993590082364024 -0.00436626821057747 -0.112958770928886 76.9007687964879
-0.116244663712482 0.0582423248841535 0.991511477366985 110.739577220098 -7.55460861404862e-05 0.998278681031148 -0.0586486938601472 -7.51527722493151 -0.993220606134992 -0.00689250250642755 -0.116040169588113 76.7693374005364
-0.120233199716734 0.0580469887199706 0.991047185953534 111.979495508933 -0.000637162338369464 0.998284380574723 -0.0585481812244866 -7.60805061886371 -0.99274547176506 -0.00767089310865186 -0.119989939948669 76.617186893233
-0.125717857489028 0.0639066603639456 0.990005534868112 113.299153644488 -0.00532326962129956 0.997865198522341 -0.0650900021394114 -7.70245825621471 -0.992051754249196 -0.0134530420016049 -0.125109282437378 76.4673954358049
-0.133093618385805 0.0670903865527617 0.988830101067506 114.513542624042 -0.00446671421884192 0.997655487854402 -0.0682903801284128 -7.78520595949655 -0.99109340488627 -0.0135058352646897 -0.132481905197435 76.3269383795573
-0.142275436413451 0.0631104574497987 0.987813125218449 115.732313885832 -0.00232564821054682 0.997941252257243 -0.0640924988095074 -7.87715358105119 -0.989824374095608 -0.0114160940659702 -0.14183575445745 76.1595364605847
-0.15272381550363 0.0608529593105799 0.986393609833903 116.908981372219 -0.000285410532693369 0.998099683063666 -0.0616193249641475 -7.96885789592887 -0.988268867626032 -0.00969226554291071 -0.152416223774914 75.9646068393177
-0.165866676914858 0.0615860256239587 0.984223250557041 118.261109955841 -0.000461122389841598 0.998043073034062 -0.0625284873866914 -8.07384823832146 -0.986148078563947 -0.0108252397927776 -0.165513689246736 75.7614143233011
-0.180577198952873 0.0620125120278579 0.981603954540898 119.458905544449 0.00160628850303415 0.998027696173428 -0.0627545815698274 -8.15190923415014 -0.983559502549581 -0.00975530741462712 -0.180320655837502 75.5466008305095
-0.194766316516515 0.0596474762596735 0.979034351045172 120.669742824704 0.00204442208039962 0.998171753786813 -0.0604067072477444 -8.24399642799472 -0.980847542836778 -0.00976363241878818 -0.194532180353392 75.3057896401981
-0.20961528901204 0.0622552690290494 0.975800036939187 121.862016598763 0.00604616043424118 0.998034469401966 -0.0623750096556315 -8.32883606531148 -0.977765245115821 -0.00717491210102118 -0.209579689092098 75.036378611286
-0.224834516091868 0.065541366873884 0.97219019209311 123.099612965237 0.00691433692429352 0.997817439240422 -0.0656700075573605 -8.42799864494285 -0.974372429986929 -0.00804283382828309 -0.224796976192692 74.7813767163561
-0.239271600242688 0.0691953408262656 0.968483921459329 124.281554212292 0.00624419433921797 0.997546421729483 -0.0697290938687598 -8.51701984473529 -0.970932598770047 -0.0106367900534508 -0.239116597799068 74.4760442902806
-0.255203779450076 0.0670698064873203 0.964558278183413 125.451212044138 0.00264819840998566 0.997635971402169 -0.0686691751052252 -8.60916297652849 -0.966883663115464 -0.0149702913199487 -0.254778084572079 74.1790516612493
-0.272393268616398 0.0612751244852762 0.960232922957648 126.657180954023 -0.00293153485892296 0.997912678757181 -0.0645111748384603 -8.71211979011074 -0.962181538648423 -0.020387366062868 -0.271645066197001 73.889928920125
-0.287627875590337 0.0573242362297469 0.956025175988617 127.813045681142 -0.00690162054727816 0.998057195986065 -0.0619209267877617 -8.79700107536016 -0.95771737627403 -0.0244083076248669 -0.2866734408725 73.5480331257264
-0.302748916425049 0.0588289778420661 0.951252986838683 128.975718545634 -0.00863472907326651 0.997882878456417 -0.0644608589561712 -8.88255209191747 -0.953031235090062 -0.0277292670222963 -0.301599987886465 73.1913752246714
-0.317290316009075 0.0603945884366897 0.946403375445388 130.161471006418 -0.00939231607981159 0.997720954495339 -0.066818271150679 -8.98079197092651 -0.94828194107318 -0.0300897100097627 -0.315999951876595 72.8286133680527
-0.331106982056569 0.0629872551343265 0.941488593730181 131.274081453225 -0.00709840682212971 0.997575058519347 -0.0692359389385923 -9.06530936667858 -0.943566520736073 -0.0296075718485018 -0.329856957839693 72.431165128047
