0.999999999747275 7.41373578157653e-07 -2.2470003892162e-05 6.09625367785741e-05 -7.41048722513432e-07 0.999999999895219 1.44573074121435e-05 -0.000111084883002891 2.24700146080733e-05 -1.44572907571221e-05 0.999999999643043 -0.000180627878454248
0.999990717897748 -0.00258695995126708 -0.00344554154771539 -0.00116439096060892 0.00257943610913108 0.99999428327922 -0.00218630241246039 -0.00459354176228122 0.00345117772729881 0.00217739456469415 0.999991674127942 0.676475718376872
0.999971164924178 -0.00114596595124995 -0.0075070688168734 -0.0135061567714869 0.00111730963850308 0.999992078331662 -0.00382032630743393 -0.00720765931323379 0.00751138731223503 0.00381182842768919 0.999964523883064 1.36728428638039
0.999933410962603 -0.00124859730217714 -0.0114723426322408 -0.0286458526172967 0.00118766254716154 0.999985160826508 -0.00531672685559102 -0.0111709328049633 0.0114788108429665 0.00530274754819508 0.999920055689489 2.08206362851502
0.999862276023635 -4.11229073967145e-05 -0.0165960023422277 -0.0451463279704398 -5.76054681605726e-05 0.999982306433653 -0.0059484032513706 -0.0172192437183451 0.0165959533153952 0.00594854003410632 0.999844582525212 2.81210809681504
0.999788224369081 -0.00123292092381839 -0.0205423055890985 -0.0639825700592215 0.00111139222214177 0.999981821206515 -0.00592638708068923 -0.0275467647012571 0.0205492389214019 0.00590230145766956 0.999771419684147 3.54358814132198
0.999682416772951 0.000658881684728758 -0.0251918929403383 -0.0856781514716791 -0.000846071878680932 0.999972108771411 -0.00742063620137781 -0.0360744065825724 0.0251863009862116 0.00743959368397378 0.999655091863413 4.30193741392899
0.999537905826025 0.00343898291950623 -0.0302017915595165 -0.116395054172017 -0.00368450953584792 0.999960587186082 -0.00807765213081273 -0.045014546005866 0.0301728223142181 0.00818519828382441 0.999511182189899 5.07531202440635
0.999394734474425 0.00387053215034352 -0.0345714287478364 -0.148991440439619 -0.00409771734843577 0.999970459165512 -0.00650303843202882 -0.0540696125905382 0.0345452372596557 0.00664076631039465 0.999381071866725 5.86234326221011
0.999227783827105 0.00296023594268867 -0.0391800080543201 -0.181295405050838 -0.00311349317115171 0.999987737213611 -0.00385117938755677 -0.0641907566253213 0.0391681271986058 0.00397019213207177 0.99922474718463 6.66221680660024
0.999104937230305 0.00244365143560151 -0.0422297640259639 -0.221920600110952 -0.0024800688000219 0.99999659657828 -0.000809994200454256 -0.0763726928011367 0.042227640956777 0.000914001924994841 0.999107597278545 7.45629634003726
0.998976114835309 0.00382975060315058 -0.0450783207192699 -0.26450972627816 -0.00390668686176657 0.99999105868416 -0.00161874936201143 -0.0849141605016366 0.0450717182534213 0.00179319883185879 0.998982144310715 8.27273408365363
0.998878535785472 0.00328371068339389 -0.0472322770065099 -0.309248534535936 -0.00337608727051107 0.999992541016857 -0.00187615175081653 -0.0916865520941331 0.0472257639622041 0.00203350800292589 0.998882171261149 9.09061024170341
0.998793283608606 0.000391675284653935 -0.049110316724797 -0.351678713875872 -0.00051479903676007 0.999996756316027 -0.00249446174064667 -0.0987431782306347 0.0491091804074374 0.00251673357652144 0.998790245472899 9.92238427414048
0.99868722509397 0.000423458119815449 -0.0512215493452322 -0.394809811349199 -0.000507149745965645 0.999998557694107 -0.00162092838868731 -0.108548555080399 0.0512207890728019 0.00164477747031257 0.998685999438178 10.7552154439436
0.998625853883246 -0.00114879731297719 -0.0523935513273429 -0.436132262728127 0.00106977191591014 0.999998247648633 -0.00153632278888024 -0.119668068363775 0.0523952244389234 0.00147816250710103 0.998625332890968 11.6071160948725
0.998529853095109 0.00127622256913486 -0.0541895168258083 -0.491795360113956 -0.00149378093218366 0.99999098612286 -0.00397445487547952 -0.127335621567515 0.0541839560791493 0.00404955910990434 0.998522758866631 12.462510646714
0.998455108029662 0.00176103747496055 -0.0555364384570015 -0.54725070540064 -0.0021297470735006 0.999976079843218 -0.00658057131198287 -0.13844137838334 0.0555235213839995 0.0066886836074792 0.998434975391347 13.3309115189056
0.998336657620768 0.00585450091159299 -0.0573554083733188 -0.607615306195591 -0.00633769989690025 0.999945914015753 -0.00824636909299714 -0.14987768045963 0.0573040278742327 0.00859615392354422 0.998319765669854 14.2065621671923
0.998286991422488 0.00690064288154549 -0.0580987425376644 -0.671131935000087 -0.00737142110539861 0.999941682371511 -0.0078926552515616 -0.163687033728082 0.0580408899615032 0.00830740536235559 0.998279641237175 15.0927237280246
0.998199974862731 0.00547301272188246 -0.0597231639800607 -0.71480796887773 -0.00584589795090548 0.999964485873893 -0.00607062337063233 -0.181954153821886 0.0596878183651464 0.00640883161789893 0.9981965193368 15.9780452153669
0.998107547485402 0.0065184620733828 -0.0611459999090227 -0.78132476916774 -0.00682301271697299 0.99996533074757 -0.00477323793311342 -0.19281028398157 0.0611127658524825 0.00518140474195542 0.998117419392508 16.8812079200164
0.998044747376316 0.00618816273320701 -0.0621963734998473 -0.839318367681782 -0.00649300250604257 0.999967873419555 -0.00470032416212519 -0.206033430580021 0.0621652889722366 0.0050949750499763 0.998052863367587 17.7897904357001
0.997946486899835 0.00591963545931537 -0.0637790498542124 -0.900202830442944 -0.00628338422420972 0.99996511085515 -0.00550419432239905 -0.21981051795047 0.0637442418338178 0.00589363966294119 0.997948864744359 18.6932070011186
0.99789274618229 0.00412472939367897 -0.0647537931259377 -0.954479501007382 -0.00452559592037442 0.999971487056447 -0.0060451679615105 -0.234128986096821 0.0647270121227089 0.00632547876024442 0.997882960181263 19.5923005930507
0.997839885799947 0.00442295053226393 -0.0655438770240011 -1.02158444874159 -0.00472564930730834 0.999978870491865 -0.00446394538933574 -0.2446649846792 0.0655227483044826 0.00476404013456875 0.997839703247081 20.5219160156497
0.99783463878031 0.00548401335767457 -0.0655435675536643 -1.08785328211062 -0.00556501682269987 0.999983960378668 -0.00105336278577787 -0.256373973207979 0.0655367396040723 0.00141583293090719 0.997849152517143 21.4575305236446
0.997881366409415 0.00658135780733765 -0.0647260712718647 -1.15492855429274 -0.00641868584318903 0.999975698388907 0.00272086450675817 -0.268318275093636 0.0647424053069173 -0.00229964367446076 0.997899359952719 22.3830662869821
0.998010467027841 0.0054005118063391 -0.0628167348331615 -1.20943746281191 -0.00504454175694465 0.999970316244539 0.00582402165679535 -0.27744973867182 0.0628463228942838 -0.00549555293177779 0.998008085436507 23.3018480885519
0.998091115593799 0.00538758301540232 -0.0615231576073451 -1.27261580328298 -0.00500847007996638 0.99996751954767 0.00631467157808605 -0.27733118585733 0.0615551801246992 -0.00599448070587892 0.998085680691233 24.2514587895737
0.998170113850946 0.00550109121927356 -0.0602176204294675 -1.33269970909608 -0.00530154711845891 0.999979915787815 0.00347298418437083 -0.282846103570423 0.0602355162088029 -0.00314738246664767 0.998179230684884 25.2040435027582
0.998219033375886 0.00653910425307473 -0.0592958811527319 -1.39556573483524 -0.00663132809385194 0.99997708949056 -0.00135866909154659 -0.290399489446524 0.0592856381750519 0.00174945978977914 0.998239526615041 26.1456032616453
0.998313561091665 0.00597544535497328 -0.0577436385525532 -1.45043664039819 -0.00622288607310241 0.999972206638556 -0.00410629265126854 -0.303108437081188 0.0577174967353867 0.00445869972373137 0.998322999117707 27.0911189309571
0.998346411104189 0.00319815988874305 -0.0573952542350931 -1.50756270197764 -0.00338834712790338 0.999989086142878 -0.00321662849472441 -0.309772189531584 0.0573843405392601 0.00340578455840635 0.998346351769974 28.0523467563713
0.998337204082755 0.00130461282393661 -0.0576292020559632 -1.56403064468588 -0.00120411061833446 0.999997693282737 0.00177863622594965 -0.320747635857458 0.0576313895533175 -0.00170628678277315 0.998336472099246 29.0212233114768
0.998285714947978 -0.00256842174144105 -0.0584725109821856 -1.62020249073995 0.00287857983795829 0.999982228734392 0.00522072729744646 -0.331384528710259 0.0584580628221653 -0.00538009527386788 0.998275367554426 29.9984507567484
0.998201021000751 -0.00982510632097392 -0.059145489759071 -1.66599334052514 0.010125466322581 0.999937307662158 0.00478076114293316 -0.343514896596238 0.0590948103035207 -0.00537103631872463 0.998237925228276 30.9791372097941
0.998079676127093 -0.0121031828977118 -0.0607492639114404 -1.73343606104776 0.0121717244581857 0.999925634264778 0.000758329674319458 -0.342807410373121 0.0607355680450204 -0.00149629673710999 0.998152769805466 31.9483165893405
0.997989107383136 -0.012090690683364 -0.0622218349408883 -1.79838009725162 0.0119186812818098 0.999924055878694 -0.00313488621883258 -0.351774224609741 0.0622550124979071 0.0023869800798506 0.998057421066035 32.928851673688
0.997874539403517 -0.0108502935900414 -0.0642547643309788 -1.87041977066937 0.0106230818759169 0.9999360585942 -0.00387670666343728 -0.361011695112937 0.0642927191964789 0.00318588325377428 0.99792599745984 33.923503081422
0.997837563249326 -0.0105367135210688 -0.0648781553130366 -1.92401847873633 0.010405481206374 0.999943075786517 -0.00236032782983998 -0.382564050532029 0.064899332273232 0.00168013534438308 0.997890401705374 34.916692381203
0.997784325348994 -0.00784873482812508 -0.0660669164518087 -2.0077872978974 0.00789633491314032 0.999968717942635 0.000459381217036493 -0.389861037269886 0.0660612441813808 -0.000980049876700699 0.997815088841338 35.9046528641103
0.997697141532395 -0.00791797652625586 -0.0673625966380341 -2.07989353594703 0.00805757935700375 0.999965915400654 0.00180095858843792 -0.401144627439921 0.0673460406630888 -0.00233959070380752 0.997726935149264 36.8926678755043
0.997640134437215 -0.00613122581902977 -0.0683854533512134 -2.13543093548046 0.00644676952819236 0.999969563499771 0.00439445522535984 -0.418096328459841 0.0683564285400085 -0.00482495015864253 0.997649296362816 37.9085754158964
0.997633636292689 -0.00661163763057488 -0.0684354731500378 -2.21533675250517 0.00713372635173582 0.999947267158267 0.00738734397812501 -0.417877230906076 0.0683830219116275 -0.00785806277364568 0.997628193849632 38.9144788909888
0.997618293223382 -0.000947583705412226 -0.0689698710393673 -2.30053138742039 0.00161860529374177 0.99995189610077 0.00967396513215181 -0.421493353496825 0.0689573864279149 -0.00976255958221281 0.997571837657537 39.9180563217492
0.997610817209762 -0.00112723826189119 -0.0690752250808665 -2.3829524483524 0.00175800710915162 0.999957307624185 0.00907151255281549 -0.424673375810578 0.0690620503393551 -0.00917127378790128 0.997570208526714 40.9319950788282
0.997627753700727 -0.000418096456794917 -0.0688381452495222 -2.43084469924967 0.000941854992259602 0.999970856092638 0.00757627048954912 -0.442017501630168 0.0688329714251467 -0.00762313326067915 0.997599072716126 41.8921463565055
0.997626182177865 0.00154679918016441 -0.0688448113187384 -2.514555823947 -0.00119344006842937 0.99998590507312 0.00517352451397944 -0.439203239891263 0.0688518433596335 -0.00507908135295367 0.997613966721893 42.8904296646405
0.997557237729712 0.00126763810361239 -0.0698423263265542 -2.58887120573126 -0.000905153102383445 0.999985958475759 0.00522145086920552 -0.447823683364878 0.069847964543914 -0.00514547810767391 0.997544377912139 43.8839013207864
0.99746991224312 -0.000785802089434537 -0.0710855589045939 -2.65645001407936 0.00124666941772319 0.999978491398006 0.00643914254619161 -0.455462990200173 0.071078970061933 -0.00651147114279881 0.99744943769521 44.8646947389356
0.997416195071926 -6.14671783613096e-05 -0.071839613236901 -2.72285974735118 0.000617992959815774 0.999969974021957 0.00772458019757936 -0.472419725015203 0.0718369813741025 -0.00774901776441384 0.997386284661436 45.8396705303837
0.997387581181098 0.0018658580019876 -0.072211712897804 -2.79871163054601 -0.00156758851428214 0.999990006054023 0.00418693901617155 -0.481661810116694 0.0722188034515136 -0.00406280272615687 0.997380538241067 46.806151272594
0.997329299628054 0.00232646298113644 -0.072999011455039 -2.88091237163256 -0.00233579241551404 0.999997271132884 -4.2433195344385e-05 -0.488506506705807 0.072998713531179 0.000212830406290498 0.997332012183511 47.7840043081263
0.997282440979119 0.00314333913770669 -0.0736060618006138 -2.95746710037024 -0.00324477769548666 0.9999939436684 -0.00125858818853731 -0.499819775725895 0.0736016598483844 0.00149400320843522 0.99728660054268 48.7580243759983
0.997289477523567 0.00248322132970634 -0.0735359206959302 -3.02707824326576 -0.00231407903314755 0.999994477814802 0.00238524173386757 -0.515527294903116 0.0735414377001075 -0.00220860855027054 0.99728971667679 49.7238858626051
0.997272508194418 0.000269156913654161 -0.0738069912282692 -3.100549716944 0.000137036887063869 0.999984874622409 0.00549834041298945 -0.527419359597561 0.0738073547859938 -0.0054934580148902 0.997257387186745 50.6989666267106
0.997254820503052 -0.00157244572423325 -0.0740293887443983 -3.17520332671897 0.00203101479261848 0.999979212851358 0.00611954606900391 -0.53637840769536 0.0740182272304401 -0.00625310160023303 0.997237284079391 51.6677559934412
0.997231577476273 -0.0049107545727326 -0.0741961277541517 -3.24748625946603 0.00529040704152971 0.999973896312002 0.00492120797460923 -0.545685505931018 0.0741700241170175 -0.00530011170833318 0.997231525944883 52.6224868912981
0.99717910667919 -0.00739307904747661 -0.0746938523888743 -3.30688808279517 0.0076905651796995 0.999963597103176 0.00369589984903644 -0.556251150355285 0.0746638092365369 -0.0042599120501574 0.997199663427347 53.5658941394677
0.997079598626582 -0.00911986517564081 -0.075822833380407 -3.38221554616805 0.00951089302165948 0.999943261235019 0.00479762697652817 -0.564042111267887 0.0757747775752946 -0.00550475883699693 0.997109763623625 54.5252450652789
0.996960966983981 -0.0121193562274842 -0.0769542170059323 -3.45422500847907 0.0128417017484591 0.999877943784143 0.008898776893363 -0.570568888168067 0.0768369768182507 -0.00985995631965827 0.996994914859051 55.4818993341207
0.996904120756849 -0.0129042697600435 -0.077560646206531 -3.52626005132514 0.0140217384726795 0.999805344049175 0.0138803768289742 -0.574871755258323 0.077366432438225 -0.0149249399553423 0.996891007733098 56.4293946857258
0.996881701968981 -0.0117443609953826 -0.0780316747496618 -3.60279529906649 0.0130490861183661 0.999783104203277 0.0162316327316124 -0.57826908485615 0.0778241198530528 -0.0171992597069938 0.996818735696029 57.3738932700035
0.99678322324398 -0.0099278942066089 -0.0795276227229578 -3.68222145686802 0.0109341404218431 0.999865459630031 0.0122273141801958 -0.580528167346016 0.079395531565562 -0.0130575478344206 0.996757668649694 58.3023899296862
0.996678546866742 -0.0086623345037006 -0.0809743056564531 -3.76051616794957 0.00905014707014401 0.99994926231408 0.00442353202048948 -0.582482046686148 0.0809318790935158 -0.00514166884129365 0.996706373104897 59.2291755849896
0.996627241104284 -0.00703563143442516 -0.0817596610755078 -3.84483387950458 0.00702083216622654 0.999975243903763 -0.000468503257839276 -0.587872074897425 0.0817609332417179 -0.000107097749069978 0.996651964491876 60.1436183211372
0.996560564869286 -0.00223087934206197 -0.0828375743534994 -3.92898465085444 0.00227709151019637 0.999997300057333 0.000463392164054583 -0.600585460223155 0.0828363169247919 -0.00065042709405185 0.996562954129307 61.0544165567648
0.996498959700196 0.000703280910833723 -0.0836022051885456 -4.00422412541384 -0.000451103231566133 0.999995291866745 0.00303525126099423 -0.62343319418222 0.0836039462124946 -0.00298691149908285 0.996494585302597 61.9273483377789
0.996396450391007 0.00348209099737518 -0.0847466146255315 -4.09258313255647 -0.00311781824735388 0.999985325512101 0.0044303464687561 -0.632014299653698 0.0847607978819148 -0.00415015695398996 0.996392685310204 62.8020309460151
0.996300604731334 0.0040970576009713 -0.0858389138502599 -4.17245394403862 -0.00375358250181311 0.999984292358496 0.00416240972034199 -0.639698099614442 0.0858546191557571 -0.00382480787651333 0.996300333842325 63.6765622887067
0.996151031666716 0.00593351109458398 -0.0874523616343696 -4.25251876132156 -0.00551461266449731 0.999972139468562 0.00503083828278634 -0.65106225948635 0.0874797756998649 -0.00452920884453693 0.996155999385008 64.5266869315625
0.996040603257662 0.00580672719866225 -0.088709630713653 -4.32818774600076 -0.00531853976001069 0.999969390410336 0.00573858669029672 -0.667267989159224 0.088740237755674 -0.00524405965080311 0.99604099817299 65.3611609977356
0.995896367317348 0.00650369901700083 -0.0902669788084531 -4.40391510190616 -0.00596157926592568 0.999962547180284 0.00627405844529285 -0.67648758423053 0.0903044026433127 -0.00571017826474165 0.995897840507459 66.1712893697225
0.995782565191747 0.00641588799935157 -0.0915200483026759 -4.48392703347922 -0.00577653143359119 0.999957039790106 0.00724915573044848 -0.682014938375167 0.0915626263534478 -0.00668991445291625 0.995776847742441 66.9848890810119
0.99564387015521 0.00918777617803987 -0.0927839888733864 -4.56664608897958 -0.00830000126073414 0.99991605462996 0.00994955638842006 -0.688545197184238 0.0928676143842743 -0.00913610760426899 0.995636549015963 67.7813099485417
0.995526336784692 0.0107351586053397 -0.0938726218754491 -4.64865696453379 -0.00945249089546358 0.999855939195804 0.0140979172485692 -0.694531332546087 0.0940104418877181 -0.0131475178111508 0.995484394448995 68.5651967841957
0.995342471333108 0.0135272681538182 -0.0954482989727725 -4.72723804522248 -0.0120622790401322 0.999800684983888 0.0159088569704797 -0.701227783017004 0.0956444780677853 -0.0146834369969666 0.995307254315519 69.3441912430839
0.995158560118606 0.0166613799577703 -0.0968598918054588 -4.81161481309622 -0.015589798151339 0.999808728033753 0.0118095529606481 -0.708745768956153 0.0970381286725114 -0.0102423515577553 0.995227961734549 70.0931374789222
0.995024799488743 0.0165560885721052 -0.0982422736584428 -4.8860481960504 -0.0161869824200093 0.999858615817668 0.0045530182639847 -0.717740753606801 0.0983037639285601 -0.00294012012857901 0.995152111835727 70.8139353195946
0.994893255096851 0.0156501700193971 -0.0997120009886235 -4.95861660362333 -0.0158539159345089 0.999873535883043 -0.00125123550237684 -0.726161340461114 0.099679808950122 0.00282567144318774 0.995015553279728 71.516663941705
0.994841906314945 0.0165443557489738 -0.100079297222242 -5.03479858776269 -0.016873019627553 0.999854667089115 -0.00243842341766575 -0.733100078888464 0.100024410262169 0.0041144857475762 0.994976476284107 72.2047329059119
0.994736636037421 0.0186572506927019 -0.100751833340862 -5.11436898591571 -0.0186547431242278 0.99982551739884 0.000967117940219577 -0.740891705645431 0.100752297660769 0.000917471923763327 0.994911118020773 72.8963694923039
0.994590104516119 0.0196192744888993 -0.10200788237751 -5.18216809255893 -0.0193666085965105 0.999806439193471 0.00346678795733511 -0.762221162461732 0.102056153514054 -0.00147248626505704 0.994777549663298 73.5369480629107
0.994541683032848 0.0164535843399992 -0.103034558632322 -5.25018069320432 -0.0165222978752369 0.99986348011162 0.000186579749053493 -0.774690787572237 0.103023562271515 0.00151680633152328 0.994677759334871 74.1696769911735
0.994653817095943 0.00835137981130683 -0.102927346180293 -5.30384958228521 -0.00891171482267485 0.999947862553337 -0.00498532987198426 -0.787514032867721 0.102880345428026 0.00587593654326508 0.99467638350086 74.7707802473274
0.99478951746986 0.00429630712618782 -0.101859499690311 -5.36203212754166 -0.00532217995683881 0.999937797383244 -0.00980182456761292 -0.798861614646527 0.10181105211415 0.0102928669196053 0.994750504678427 75.3614359341079
0.99509840683173 0.00681461595190955 -0.0986545575753177 -5.42286229962757 -0.00783878454487421 0.999919298766008 -0.00999747028773075 -0.810646900884867 0.098578467110281 0.0107217985768712 0.995071519468558 75.9372068139126
0.995449873782422 0.0117921179752426 -0.0945541894376906 -5.48709885874429 -0.0125045241792958 0.999897694003461 -0.00694538707415127 -0.824749338587248 0.0944626151533511 0.00809613983441126 0.995495488115427 76.504894468084
0.995905733373977 0.0101702700058064 -0.089823915751035 -5.53680496761447 -0.0105718320168831 0.999936132523666 -0.00399590307939539 -0.828731053005177 0.089777539510987 0.0049291461351952 0.995949645774188 77.0689475143426
0.996424840996702 0.00651031384101951 -0.0842327255785361 -5.56670981234827 -0.00652033847836308 0.999978730184354 0.000156092969880805 -0.841542827613625 0.084231950178214 0.000393690969032943 0.996446096673872 77.6120705500379
0.997100161841496 0.00213109579225451 -0.0760705309984545 -5.59703413136624 -0.00186033135776018 0.999991680844294 0.0036300701705489 -0.85533266127005 0.0760776341831285 -0.0034780271603324 0.997095831354324 78.1433236228962
0.99784984047653 0.00572272102546702 -0.0652912423302526 -5.62994823008355 -0.0055086684757044 0.999978848238154 0.00345798321577403 -0.864050376902205 0.0653096503786988 -0.0030908801918664 0.997860258767254 78.6521896778098
0.998678742916271 0.0110671957289218 -0.0501825231118791 -5.6601784615247 -0.0109299892535077 0.999935742313022 0.00300775328504456 -0.872559421610453 0.0502125858933271 -0.00245528483138385 0.998735534460601 79.1569486351041
0.999355188924664 0.0161178288996731 -0.0320846062919705 -5.67318797631901 -0.0160127534930246 0.999865559120112 0.00352922243513944 -0.877753094432364 0.0321371762126282 -0.00301318386195187 0.999478925554757 79.6412859475239
0.999843220075824 0.0144991040362843 -0.0101642142121949 -5.66457907279866 -0.0144582014996589 0.999887125439648 0.00408617050955333 -0.884634540197521 0.0102223127423123 -0.00393857362288507 0.999939994179659 80.1148615061728
0.999813970353737 0.0109253434668544 0.0158953312525679 -5.6340352563418 -0.011007801782276 0.999926358618241 0.00510936790486344 -0.893504823843005 -0.0158383390991518 -0.00528339006665135 0.999860606686744 80.5677100863963
0.998932224053978 0.00960235783058608 0.0451907786021312 -5.58912297227751 -0.00991668865615241 0.99992813618793 0.00673659749644817 -0.897420438020048 -0.0451228438007889 -0.00717754720120988 0.998955660569329 80.9982652115887
0.996883278756321 0.00901893532979854 0.0783733841400535 -5.53699297916022 -0.00968481455518899 0.999920129428851 0.00812029125224282 -0.906280654250717 -0.0782938880314362 -0.00885401425945109 0.996891003835632 81.4458311485583
0.993240164455255 0.00901327163836406 0.115726991869965 -5.46157721327196 -0.0100785578640041 0.999912026725927 0.00862331028260576 -0.911488639409131 -0.115639086749593 -0.00973137930723261 0.993243626645799 81.8796566297233
0.987505572349088 0.00930453643470888 0.157309154791562 -5.37037027071311 -0.0107824089786055 0.999905366272217 0.00854389587026829 -0.915368122428036 -0.157214771049411 -0.0101333164245017 0.987512446332765 82.3049179071985
0.979303367835745 0.00908882727664333 0.202193736214312 -5.25435277147286 -0.0110383377894473 0.99990280935715 0.00851627492066125 -0.921163047194667 -0.202096681923315 -0.0105718994704626 0.97930851425747 82.7135039024668
0.967889319889429 0.0111281220598264 0.251130303514729 -5.12433325000576 -0.0131940665812499 0.999891538255762 0.006544335839214 -0.931569569685533 -0.251030239315959 -0.00964762270968767 0.967931166108946 83.1101755390375
0.952556984670918 0.0117296943337684 0.304134189504378 -4.9697061451755 -0.0135619358958142 0.999900377308397 0.00391271686721283 -0.943313931616371 -0.304057995864945 -0.00785173416268709 0.952621165742832 83.4885884319034
0.933090157302042 0.0121914166967466 0.359435846438522 -4.7896986602182 -0.0137200879025457 0.999904426304451 0.00170218821313364 -0.946258395935297 -0.359380741740563 -0.00651978647601301 0.933168245736164 83.834774930245
0.908696354766047 0.0123645765743368 0.417274552400497 -4.60122878351812 -0.0136362686891764 0.999907019546019 6.66245758610528e-05 -0.953561214246382 -0.41723493023851 -0.00575060942291174 0.908780470454846 84.2036821786583
0.879645672261014 0.01242942474554 0.47546713942497 -4.38215382217384 -0.0130799226726071 0.999912571232889 -0.00194049305890395 -0.958813771175474 -0.475449689131614 -0.00451212709572691 0.87973134183893 84.5360377405837
0.846045098469826 0.0109687061216137 0.532998479210963 -4.14345596412052 -0.0103694807214747 0.999937755361061 -0.00411816379594526 -0.966139387673466 -0.533010473841508 -0.00204276516049804 0.846106176484813 84.8503117821499
0.809320060757039 0.0103919519190891 0.587275954378804 -3.88006838926143 -0.00922062751628355 0.999945051747923 -0.00498733526540684 -0.979344873413095 -0.587295512739906 -0.00137870234458209 0.809371410352142 85.1401974289966
0.76992228053544 0.0097564049479168 0.638063080343628 -3.59168841986008 -0.00910317731472596 0.999949296194049 -0.00430548531549853 -0.985787755242418 -0.638072734175254 -0.00249351228542781 0.769972056829726 85.3904547710514
0.725891410953473 0.00914623532802137 0.68774850482084 -3.32002409961844 -0.0102245673672396 0.99994458644587 -0.00250644364609652 -0.993850239951302 -0.687733318755264 -0.00521252500451858 0.725944703029747 85.6697382131167
0.681266852589876 0.0078889085642545 0.731992650703508 -3.00263448266518 -0.00879787054058397 0.999957947275481 -0.00258865883374364 -0.99568627546987 -0.731982290111062 -0.00467640912145486 0.681307609058855 85.9021751457273
0.635265155750727 0.00581309941589799 0.772272225166868 -2.67527840336923 -0.00428221281536901 0.999982812677361 -0.00400462273844097 -0.999644813835219 -0.772282231145071 -0.000763036731904499 0.63527913017235 86.1083768442669
0.588964359388926 0.00297306301722635 0.808153540031774 -2.3348904951491 0.00178390458679641 0.999986014255927 -0.00497885297729834 -1.00446386760711 -0.808157039846847 0.00437403576116461 0.588950818623374 86.2924657568908
0.541516225266452 0.00640468573138955 0.840665901398324 -2.01232975104386 -0.00358854919062909 0.999979479562457 -0.00530686053177947 -1.02512808341601 -0.840682639340126 -0.000143019856867699 0.54152809664637 86.4456030384702
0.494746124713364 0.00840403471924697 0.868996918453424 -1.66429730349675 -0.00571738597933847 0.999963075598425 -0.0064155231510464 -1.02452706065805 -0.869018747541543 -0.00179433558066487 0.494775905619051 86.6212803898559
0.449320272277175 0.0106442310096427 0.893307334161642 -1.31518408188416 -0.00621929723910819 0.999942056089381 -0.00878662651951702 -1.0301399125849 -0.893349099323785 -0.00160773441687936 0.449360436540009 86.762198401759
0.40696181113917 0.00774920436766006 0.913412302361861 -0.958173827697517 0.00116085136096267 0.999958819484521 -0.00900065326741505 -1.03848276332216 -0.913444435474017 0.00472325806945972 0.40693605656757 86.8761739478969
0.367433546468145 0.000206808388891545 0.930049754669142 -0.585644913432973 0.0162999666124852 0.999844952836498 -0.00666193484001233 -1.04060377362183 -0.929906930836777 0.0176075982936625 0.367373205969156 86.96893276095
0.330833441759437 -0.0025111105951096 0.943685820671893 -0.205817509121957 0.0183270292898565 0.999824958877645 -0.00376451892343494 -1.05664708425324 -0.943511183723338 0.0185403864278846 0.330821553499905 87.0470866351
0.299458313369474 0.00130012321292555 0.95410849919364 0.172085613534651 0.01658007236038 0.999840979847711 -0.00656629406090844 -1.05115977166788 -0.95396531370613 0.0177855193008517 0.29938913732593 87.1639466020055
0.268547736284643 0.00897453135680103 0.963224569414277 0.541375050686627 0.0056919444403363 0.999924356087498 -0.0109033880739078 -1.06526404300291 -0.963249560137393 0.00841070091775384 0.268476339749316 87.2644778256104
0.240279162541759 0.0132621283559577 0.970613228840253 0.922181294621554 0.000747067673564796 0.999903842672384 -0.01384728489242 -1.08313408993382 -0.970703541735644 0.00405232778422873 0.24024615023223 87.349778105238
0.21454724424064 0.0148303810951541 0.976601013610635 1.32037494856144 0.00181976961905063 0.999876911987964 -0.0155836231970319 -1.10022167734267 -0.976711916804172 0.00512061226671038 0.214493848169903 87.4181251300707
0.191569719700907 0.0160043819490737 0.981348512126117 1.72778038697957 0.00844435360631459 0.999803157986915 -0.0179537787544588 -1.11435551809086 -0.981442680642068 0.0117262542109874 0.191396864071206 87.4652575170725
0.168880096358708 0.0228961753489435 0.985370629868916 2.21569823195584 0.0148295189487128 0.999557964858834 -0.025767426239638 -1.12324296614216 -0.985525036932915 0.0189641778534122 0.168465906155284 87.529072820487
0.151345032023794 0.0291091365493542 0.988052295909011 2.61924227067706 0.0167163187203206 0.999347991554038 -0.0320024446777138 -1.12210799340312 -0.988339640999064 0.0213600081053478 0.150759756180428 87.5689904348769
0.13365446268955 0.0298624730234726 0.99057797134203 3.07679963937363 0.014281944422061 0.999384063501023 -0.0320549478818529 -1.13578774867076 -0.990925078230788 0.0184316663681154 0.133145645847702 87.6282223861442
0.118196257108783 0.0254499213154327 0.992664065185455 3.54524981673635 0.0125742867700747 0.999552994657519 -0.0271237568085473 -1.15822534078645 -0.992910636521585 0.0156879691554892 0.117823408141498 87.6811032261485
0.103585528495731 0.0221181947391836 0.994374589250821 3.99060323122272 0.0114207823934813 0.999660348438399 -0.0234254880320443 -1.18596494851134 -0.994554977874919 0.0137830773595107 0.103297738420165 87.7200008922721
0.0883942879824572 0.0202799750517247 0.995879095304232 4.5848466740089 0.0148075633906121 0.999655488292322 -0.0216711973243731 -1.19979951595873 -0.995975494637548 0.0166621528903181 0.088063538099217 87.7556046906216
0.0780282997717636 0.0191921939212132 0.996766393959597 5.06384236012744 0.0182792900672675 0.99961907035523 -0.0206780496367936 -1.21977563651286 -0.99678355322977 0.0198336551002469 0.0776477567995364 87.7898380613723
0.0679667740439263 0.0198738168755555 0.997489623519392 5.5757924979422 0.0209610858028292 0.999552451070409 -0.021343159117232 -1.23464903380943 -0.99746736814195 0.0223590912591263 0.067519778806197 87.8159643695592
0.0601344034222672 0.0203234706539603 0.997983371637837 6.10995671922699 0.0229322896489362 0.999500699711217 -0.0217361764863264 -1.25117388792298 -0.997926832797127 0.0241931357489071 0.0596383145815644 87.842392485445
0.0545219402166397 0.0205005216779168 0.998302101893984 6.64911579691137 0.0249205099322907 0.999449853596642 -0.021885116640439 -1.27008174228483 -0.998201545891274 0.0260714164667799 0.0539810617132338 87.8698751389682
0.0475593901707293 0.0220572628380999 0.998624845256055 7.34599611877123 0.0271820295964059 0.999357330814908 -0.0233679826583832 -1.27763708860627 -0.998498493576034 0.0282560171042092 0.0469292640449239 87.8879212317533
0.0422980244123689 0.0227417570584118 0.998846179157085 7.90162966704109 0.027470468210789 0.999336474031492 -0.0239162088673079 -1.29602074985587 -0.998727315390488 0.0284503805985235 0.0416452318604241 87.9181220440715
0.0380650776104808 0.0227349141679542 0.999016603237546 8.50659801948641 0.0299517771025099 0.99926600527441 -0.0238818288940629 -1.31358302368026 -0.998826281650072 0.0308313862922103 0.0373561869626823 87.9366898575575
0.0352363998326757 0.0226364278557703 0.999122609223094 9.12155785202531 0.0317351650087128 0.999213916259542 -0.0237577114878336 -1.33128367717731 -0.998875004907372 0.0325444570887252 0.0344903302984841 87.9532371031479
0.0322288917278499 0.0221485376899236 0.999235077855152 9.75348557732377 0.0325196553179731 0.999201874607038 -0.0231966764813737 -1.35055423556392 -0.998951335429306 0.0332423834882417 0.0314829062195014 87.9704343853727
0.0289453674086992 0.0216752210183291 0.999345961366424 10.5853038358737 0.0345864146118694 0.999144500102569 -0.0226726231187055 -1.36892075207301 -0.99898245511614 0.0352200611668062 0.0281709364689061 87.9800659582918
0.0290310721303723 0.0212218676895621 0.999353205419749 11.249563171703 0.0396076568306172 0.998965001961551 -0.0223642208973638 -1.39083067597168 -0.998793487349286 0.0402312961228536 0.0281604765749103 87.9994342288501
0.0298746837269158 0.0207482958165999 0.999338286814292 11.9327561077321 0.0429714851072297 0.998833551808341 -0.0220224260610248 -1.41483974947834 -0.998629538287295 0.0436009633223973 0.0289482513714228 88.021971757166
0.0321992332907157 0.0205352996560773 0.999270489328853 12.6262009094222 0.0446627318696092 0.998760644029205 -0.0219639777888845 -1.43942540721088 -0.998483074346999 0.0453373731749241 0.0312421643962804 88.049472603336
0.0357834057107014 0.0209351704212646 0.999140263684322 13.5061501980406 0.0465398315774758 0.998660928204196 -0.0225919134885244 -1.44702210198314 -0.998275308696195 0.047308235200284 0.0347611698559049 88.0548180419556
0.0403309545200011 0.020289966974601 0.998980345826521 14.2531973499858 0.0474309347315372 0.998627842980639 -0.022197694797635 -1.47406154045358 -0.998059978427148 0.0482778258003185 0.0393132420183816 88.099901200271
0.0444248482037219 0.0186314172050642 0.998838977590987 15.012568325718 0.0490895781287896 0.998577569596296 -0.0208098730965177 -1.49434463623875 -0.997805916088502 0.0499570594819846 0.043447048538419 88.1354771682468
0.048467195388078 0.017050203010203 0.998679238568884 15.7784420882497 0.0490721425686141 0.998606219110426 -0.0194304909280741 -1.51439857891301 -0.997618592346263 0.0499490713756645 0.0475629527444343 88.1752699689641
0.0527688108544071 0.0149053140011403 0.998495510363236 16.559361664989 0.0458664460621365 0.998797181178413 -0.0173337819210009 -1.536140518934 -0.997552866632461 0.0467121235289417 0.0520216857548461 88.2181214811612
0.0559649662771013 0.0140690561518934 0.998333603665928 17.5456749066375 0.0447926159852992 0.998858587515853 -0.0165874560746363 -1.55448356185532 -0.997427463078292 0.0456462901540678 0.0552708973364304 88.2738507376391
0.0603380180383196 0.0147424619155355 0.998069127563756 18.3056051010851 0.0420252933343395 0.998966821764979 -0.0172963502780263 -1.57900559083523 -0.997292935049362 0.0429877753488878 0.0596561218248675 88.3333197388737
0.063292874134523 0.0187426356676896 0.997818984431555 19.0817824695031 0.0397926023754357 0.998981154009609 -0.021288558659991 -1.60583326929037 -0.997201364258986 0.0410532281539181 0.0624825701948987 88.3897069430212
0.0651390810090084 0.023881881486334 0.997590374784147 19.8859316966738 0.0341914583770465 0.999073132395662 -0.0261499579190876 -1.63290213165012 -0.997290250779257 0.035812454004048 0.0642621493482394 88.4434391177951
0.0648134087129714 0.0270544874708682 0.997530589384954 20.6864732580461 0.0315847551321794 0.999075954735716 -0.029148583364498 -1.65828118323871 -0.997397425951283 0.0333959784495897 0.063899008827594 88.5054012876757
0.0646108257616583 0.0269066353703232 0.997547730270309 21.7654136223126 0.0302825842953949 0.999123188989437 -0.0289105225129238 -1.69170763063475 -0.997450954324467 0.0320762559633515 0.0637393718245216 88.5830453520394
0.0650118725588926 0.0248689488310342 0.997574554512306 22.5728961445299 0.0267752587742422 0.999286001868349 -0.0266565561831069 -1.73091760020479 -0.997525208675931 0.0284433094771014 0.064299581662956 88.6429830503702
0.0650133853382441 0.0236969263910183 0.997602984862455 23.3958758136706 0.027701258532548 0.99928986405536 -0.0255422761697677 -1.76254977267878 -0.997499824562678 0.0292954480395574 0.0643107823120483 88.6993133457836
0.0652170951530416 0.022938815811626 0.997607408367119 24.2154505008756 0.0253808740947931 0.999374177577201 -0.0246386773605442 -1.79731513732532 -0.997548265363628 0.0269270109936664 0.0645940736365466 88.765610696202
0.0653996799977866 0.0231574853069308 0.997590403287064 25.0310588128983 0.0231458117652965 0.999426494033451 -0.0247174922216858 -1.83423346857057 -0.997590674201555 0.0247065557749946 0.0648261740952256 88.8234275858695
0.0657947514003597 0.0238040499532982 0.997549205750767 25.8576655928442 0.0206736335130809 0.999468301246278 -0.0252134028097496 -1.86361102361221 -0.997618991181268 0.0222818762607809 0.0652676522081771 88.8801175394072
0.0638699339008364 0.0255027680075923 0.99763231722286 26.859398788561 0.0178886796139152 0.999483543302103 -0.0266953518415388 -1.8941551800804 -0.997797888695488 0.0195513552528662 0.0633807369995232 88.9552669296186
0.0611118012945241 0.0250365310581452 0.997816876914353 27.6650305657537 0.0148279022319281 0.999552272721331 -0.0259882168111146 -1.93221996094951 -0.99802078187678 0.0163837178380137 0.0607132006392792 89.0067204451235
0.057354960685593 0.0237806150516368 0.99807058409339 28.4804143431836 0.0123964108612727 0.999622233782319 -0.0245299556829084 -1.96400259913109 -0.998276884177187 0.0137794076727846 0.0570384996443157 89.0599129495254
0.0523730960537574 0.0213073493408123 0.99840024823405 29.2882666426187 0.0106288953004378 0.999703823625378 -0.0218927296948376 -1.995937845935 -0.998571021707738 0.0117584817415975 0.0521311107947671 89.1092805411353
0.0463027262801136 0.0192617525022206 0.998741729592577 30.0997799739261 0.0090115228849906 0.99976533792562 -0.0196992775949783 -2.02506375436485 -0.998886805396048 0.00991231421081486 0.0461182830628364 89.1540714196561
0.0385564442656715 0.0196781953154543 0.999062645300441 31.0343757517113 0.00794439711290854 0.999768442621855 -0.0199986922568206 -2.05250132581115 -0.999224843145976 0.00870802885832601 0.0383911848384755 89.2093646977752
0.0301051032688222 0.0205318762756386 0.999335841853866 31.8124392589299 0.00781926746739098 0.999753577762817 -0.0207760151790709 -2.08192209729743 -0.999516153853177 0.00843953831968627 0.0299371404697174 89.217175272945
0.0202321712205815 0.0208649405298642 0.999577567527596 32.6059849034489 0.00824096797818755 0.999744770121428 -0.0210352338146122 -2.10896531238405 -0.999761344368987 0.00866307517791172 0.0200550600592042 89.2353664348356
0.0101344592184348 0.0198398218550251 0.9997518063025 33.4054731567407 0.00911148808030104 0.999759812385506 -0.0199323436619842 -2.13804595342037 -0.999907132448465 0.00931123019035487 0.0099512547465036 89.2384947761964
-0.000736221992863495 0.0186991260048215 0.999824884999285 34.1915785046686 0.00802964070133442 0.999793034039748 -0.0186926176819316 -2.16994197286805 -0.999967490895272 0.00801447267455564 -0.000886216883219548 89.2414674108429
-0.0121148410385092 0.018342958229119 0.999758354058628 35.1200923766941 0.00858781961273729 0.999796762562136 -0.0182395977085685 -2.18931595283072 -0.99988973391115 0.00836477457413697 -0.012269904865692 89.2490703771573
-0.0228794960988747 0.018436065904556 0.999568226852087 35.918232650494 0.00991460834142098 0.999784968203739 -0.018213124259314 -2.22260059261296 -0.999689066259954 0.00949362037432778 -0.0230573626525312 89.2108322208674
-0.033748270089385 0.0189037102154714 0.999251571930744 36.6890659473215 0.0102168384367982 0.999775387155465 -0.0185685608084377 -2.25207845037715 -0.999378141885408 0.00958253506279875 -0.0339338259475697 89.1825848893529
-0.0442165094505533 0.0200855301155032 0.998820039732878 37.4612718040924 0.0100023793994425 0.999756657888123 -0.0196615720307287 -2.27472631961949 -0.998971897852166 0.00912121090366503 -0.044406652804418 89.150514276401
-0.0555114697681829 0.0212373158128314 0.998232163948469 38.3051535232472 0.0102854743062312 0.999732880329759 -0.0206972704929787 -2.29950366419026 -0.998405070971934 0.00911835536869066 -0.05571507742881 89.122191472634
-0.0642414072950148 0.0218435652887844 0.997695294287906 39.0600299926479 0.0118168981042099 0.999706968352683 -0.021126721143686 -2.32910760806087 -0.99786442090494 0.0104324533338501 -0.0644807057148593 89.0612456916924
-0.0739576926766292 0.0222085515971026 0.99701406205224 39.820320066737 0.0124738601345262 0.999694393837512 -0.0213429553528595 -2.35986556280141 -0.997183364535978 0.0108581382293977 -0.0742121171163965 89.0062827548364
