0.999999856341804 -0.000521794356987566 -0.00012266629940269 0.00236627680281316 0.000521766569788382 0.999999838240071 -0.000226449725354742 0.000252770090363749 0.00012278443974903 0.000226385689649115 0.99999996683675 0.00232643520503973
0.99905941421374 -0.000527678577158776 0.0433590639453657 0.0458809092258077 0.00064304449068654 0.999996290448896 -0.00264680604302588 -0.0180611210775945 -0.0433575064398554 0.00267219830207422 0.999056047472589 1.0278494440626
0.996051286699966 -0.00458562352798747 0.0886611883531978 0.132879388313141 0.00529670751596467 0.999955655633031 -0.00778663322653434 -0.0358263695167333 -0.0886215501603982 0.00822549842707498 0.996031406142795 2.07845277103686
0.990966897898672 -0.00358455339066252 0.134058786530659 0.270405514624156 0.00521087251988855 0.999917006427258 -0.011782489768011 -0.0639205462674053 -0.134005425549359 0.0123746205817109 0.990903332666105 3.08932307377973
0.983568652750018 -0.00243456985444137 0.180518082742805 0.44212236717672 0.00500793412287341 0.999892219962696 -0.013801052637111 -0.0984060949630049 -0.180465026870403 0.0144783054151787 0.983474835849382 4.07027081072714
0.974433402730997 -0.00302761297932973 0.224656131013019 0.686648861105171 0.00632009524610695 0.999882887644607 -0.0139379837696219 -0.134854841275081 -0.224587622183796 0.0150014850974662 0.974338419342427 5.05618781932139
0.96296312112982 -0.00362654626794355 0.269608745232942 0.972471557706972 0.00798593212323777 0.999854485912807 -0.0150742126878667 -0.17517914056954 -0.269514846032715 0.0166689880377444 0.962851957782586 6.04958611870384
0.948792038999956 -0.00683922087421854 0.315827313239592 1.27021272154937 0.0130042008064373 0.999763746337053 -0.0174167239022049 -0.197055146006759 -0.315633581058308 0.0206319307853975 0.948656822006976 7.04771058175184
0.933616626418628 -0.00837949334385013 0.358175625868094 1.66934344970875 0.016688676100168 0.999658407629543 -0.0201135811229924 -0.238046691331238 -0.357884734187873 0.0247558507603331 0.93343755275241 8.0146074153232
0.91627331585283 -0.00815210815750144 0.400470665328497 2.07741364198063 0.0180125243234841 0.999620050896458 -0.020863911743922 -0.275937226031063 -0.400148421993085 0.0263305331953356 0.916072018674347 8.94525160567254
0.89667955446207 -0.00861989206249092 0.442596287908671 2.53570490267083 0.0191878283674295 0.999627564153954 -0.0194051597822614 -0.315883633569568 -0.442264178802948 0.0258926716362765 0.896510995863012 9.88797933705688
0.874694996460581 -0.00873384230683127 0.484595071338313 3.0126828810415 0.0198102571791806 0.999646343578417 -0.0177409549009017 -0.34230864457984 -0.48426874447699 0.0251178774752269 0.874558674620417 10.8265917973039
0.851202692783564 -0.00827436668888285 0.524771865341414 3.58492645100006 0.02026165995169 0.999648409606064 -0.0171032835463939 -0.382018204248418 -0.524445841754905 0.0251911100978931 0.851071070497655 11.721432755108
0.825697567760989 -0.00855281684417708 0.564048203540811 4.178565248675 0.0220599106084692 0.999609788713232 -0.01713565442679 -0.420561476180081 -0.563681547451691 0.0265917211311713 0.825564045625625 12.5750814713533
0.798400777306473 -0.0101607773874614 0.602040660918598 4.7889061682527 0.0253272389550537 0.999539406036369 -0.0167184552927923 -0.460556816628919 -0.601593492121826 0.0285960553808726 0.798290383164748 13.3911120461186
0.769220738148645 -0.00956226948946904 0.638911589348843 5.46553202761604 0.0264152515295974 0.999509143019577 -0.0168436191746114 -0.489856518620136 -0.638436911909612 0.0298334715124138 0.769095750533597 14.2284901408028
0.73941646191183 -0.0129398095299635 0.673123953802804 6.15952594886879 0.0316485197958736 0.999378030907455 -0.0155538591439075 -0.519145425345169 -0.672504027533309 0.0328041562742679 0.739366093544066 14.9979206183454
0.707435801452004 -0.0120393140832138 0.706675060929962 6.90861711140534 0.0319455669554547 0.999377735786653 -0.0149539949791882 -0.555627296386067 -0.706055286486727 0.0331541268976994 0.707380192183663 15.7421758406908
0.673442290010584 -0.0106206813911161 0.739163502313317 7.75915505600498 0.0333931664077201 0.999313163233679 -0.0160654357290394 -0.580543380406983 -0.738485191769318 0.035502153662644 0.673334403266867 16.5403582888742
0.636544307435065 -0.0115010052421906 0.771154375952333 8.49326289032086 0.0372364068519499 0.999181019986363 -0.0158347498801447 -0.628328122119101 -0.77034070038962 0.0387945379844868 0.636451246479886 17.1245239664974
0.601033457217371 -0.0109900000783579 0.799148298630243 9.38250348970418 0.0387198374540088 0.999131727183086 -0.0153806997135743 -0.645719244173384 -0.798285385994802 0.0401872073478825 0.600937127221067 17.8157933199288
0.563151858438516 -0.0098087476566722 0.826295209236175 10.2337397345472 0.0417101562566098 0.998992369871225 -0.0165682770414682 -0.679133963459363 -0.82530009523948 0.043795358298356 0.562993534056319 18.4023968211237
0.524127668456602 -0.00794090803623603 0.851602682674148 11.1942042058415 0.0464064567525555 0.998737171688342 -0.0192484456423132 -0.703937286368119 -0.850374404559497 0.0496085059997974 0.523834294603311 19.0405618996389
0.484493777066633 -0.00559109979985842 0.874776839877883 12.1291921239952 0.0461070874591667 0.998752874742938 -0.0191528504079839 -0.755914557656579 -0.873578798088495 0.0496128490992594 0.484147341967829 19.4721195683044
0.446237756755512 -0.00897029896083497 0.894869486675214 13.0999292843541 0.0538886202934649 0.998404536967468 -0.0168640791519472 -0.757732020512751 -0.893290479658591 0.0557486708301607 0.446009197945508 20.0693943829259
0.409250513083623 -0.00947633255704585 0.912372849586209 14.1298225026926 0.0579881413014203 0.998194702978227 -0.0156432226416444 -0.781240974884231 -0.910577505218089 0.0593088026137589 0.409061209262531 20.5297878833945
0.373990212580071 -0.00700158161248807 0.927406220999858 15.1551724486666 0.0593455866676192 0.998102825706138 -0.0163966661397646 -0.810715185024281 -0.925531967161259 0.0611696589196513 0.373696200931002 20.9412294780741
0.339151563084066 -0.00590261244465454 0.940713227516209 16.163080848501 0.0579220943324358 0.99821406295074 -0.0146190121253601 -0.875984976794406 -0.938946882547559 0.0594461411170248 0.338887751417067 21.2651367107675
0.306376778428807 -0.00866758001051188 0.951870864506498 17.1714345393592 0.0616459854892557 0.998040142742056 -0.0107538806239802 -0.874753843543081 -0.949912123363337 0.0619737568021959 0.306310645187493 21.5353065242532
0.27344131305587 -0.00846796651070117 0.961851413606829 18.2731352859452 0.0622889842578787 0.998018280672563 -0.00892154042214221 -0.893586217280345 -0.959869746764843 0.0623522652880857 0.273426890153549 21.8571039086736
0.240996726003299 -0.00564503363602315 0.970509511365519 19.3226637111045 0.0593686929775773 0.998196123010418 -0.00893634719019571 -0.928784677731842 -0.968708385609325 0.059771511627344 0.240897135823482 22.1262619882761
0.210201294442097 -0.00401076488109753 0.977649901334796 20.4811402534952 0.0593134468899385 0.998201862880292 -0.00865771103402659 -0.943140735880589 -0.975857228713761 0.059807647566033 0.210061215981713 22.3643054479006
0.178454597511787 -0.00225874411782498 0.983945554744731 21.8696443513259 0.0597012305584901 0.99817979012026 -0.00853637307501925 -0.996607994175706 -0.982135285842388 0.0602661154421296 0.178264622493661 22.7136176466322
0.149645876113202 -0.0037424673936631 0.988732575421747 22.8726176046092 0.063004947297447 0.997996602252672 -0.00575834248451539 -0.993033893292025 -0.986730200398446 0.0631567560117713 0.149581869862999 22.7625662886209
0.119239737746917 -0.00441423645498053 0.992855679068497 24.0830140649429 0.0616234820804653 0.998095068239438 -0.00296331105174121 -1.01069115496704 -0.990951275996113 0.0615365685802379 0.119284614804444 22.9144786493772
0.0900821884437382 -0.00477753772188824 0.99592287575821 25.355000515966 0.0622532156734006 0.998060031443467 -0.000843073773107796 -1.0311263220587 -0.993986788877754 0.0620753475091502 0.0902048489168421 22.9978676191173
0.062839019843557 -0.00460777060413493 0.998013039010594 26.558642924623 0.0650465093316894 0.997882102214744 0.000511569394760069 -1.04218832555291 -0.995901706600036 0.0648851179358016 0.0630056526162028 23.0854826405296
0.0355156103984232 -0.00221858984795349 0.999366659078196 28.1027998478925 0.0680526315530584 0.997681711709889 -0.000203613188301831 -1.06377134659876 -0.997049387320774 0.068016762483327 0.0355842558522105 23.2865877500332
0.0139149520075303 -0.00253747698039219 0.999899962656866 29.3026800058504 0.0726161592959467 0.997358802818524 0.00152047673622221 -1.07986867187953 -0.997262887868457 0.072587737607489 0.0140624617081256 23.1884115650029
-0.00617025809041016 -0.00272309590734305 0.999977256073246 30.6059166662814 0.0784217458675095 0.996915141026946 0.00319865070227915 -1.09240008110123 -0.996901177494635 0.0784396987494396 -0.00593767377915544 23.1432361233287
-0.0236038861153374 -0.00326729800737488 0.99971605034829 31.9466432294717 0.0827224556828046 0.996559004836354 0.00521010608165852 -1.0953489198642 -0.996293055223242 0.0828219454209252 -0.0232523863427536 23.0831915753335
-0.039190159433049 -0.00328073709492864 0.999226384843658 33.3169076553415 0.0857358503218325 0.996295818395291 0.00663371823714352 -1.10189792250947 -0.995546832335478 0.0859295002439293 -0.0387637151808755 23.0306706687794
-0.0552988683076852 -0.00286959643795909 0.998465723287571 34.8409668881923 0.0884544875691554 0.996049979242047 0.00776160297847366 -1.09191254446818 -0.994544035622741 0.0887479817697314 -0.0548266079475284 23.0686152706363
-0.0675493585675571 -0.0041930320030299 0.997707122676657 36.06900233529 0.0882393745371055 0.99604747965556 0.0101602683580342 -1.10052338212698 -0.993806267306869 0.0887233720866628 -0.0669123778322036 22.8945495642465
-0.0798423247925961 -0.00409319749356109 0.996799101577641 37.3716189176686 0.0879561035413575 0.996062110519421 0.0111353418187095 -1.10114058480394 -0.99291939603451 0.0885636365664612 -0.0791678928391315 22.7876548109445
-0.0910833955215338 -0.00130648119523665 0.995842411311727 38.7293913315427 0.088233253063177 0.996055704689728 0.00937689761795776 -1.10129075808225 -0.991926765499428 0.0887204951628134 -0.0906088606258131 22.659996124404
-0.10117734951321 0.00209833996808703 0.99486619246754 40.1184283511703 0.0885470062894015 0.996048069941784 0.00690434953002036 -1.10289883872255 -0.990920063185052 0.0887909867870964 -0.10096330542681 22.5099061796715
-0.111754139705477 0.00539784345259069 0.993721226272615 41.8027991325645 0.0892836782221965 0.995995472739556 0.00463066792422785 -1.07906644467396 -0.989716846912189 0.0892405825192246 -0.111788556524473 22.4897619813967
-0.118141743946903 0.00577615343512677 0.992979941584259 43.1576010226637 0.0894756166357797 0.995977194827274 0.00485194926211632 -1.09247423504742 -0.988957351135443 0.0894207103275804 -0.118183307618629 22.2280474274767
-0.124073905909762 0.00640200507787727 0.99225232688227 44.506522803773 0.0892191468639188 0.99600078856116 0.0047300125182388 -1.09206674864317 -0.988253818462226 0.0891147772063143 -0.124148889557252 22.0631607495071
-0.129172751339961 0.00796296978078098 0.991590132778426 45.8731198057964 0.0902520595922942 0.995911860235246 0.0037593060691469 -1.09261594763179 -0.987506438485651 0.08997865166273 -0.129363349501872 21.8836855751078
-0.133831337075969 0.00960320212698114 0.990957593303249 47.2656223241327 0.0891181692476071 0.99601820834587 0.00238339116348848 -1.09252267928054 -0.986988918441546 0.088631298943385 -0.13415426836741 21.7015269027322
-0.138738812344165 0.0112945476091846 0.990264598551132 49.0284219510591 0.0897958152350912 0.995959447156 0.00122114167086378 -1.08147786127445 -0.986249589868405 0.0890910366704688 -0.139192433951653 21.5168813289372
-0.141287095466668 0.00960830382937813 0.989922035895815 50.2779224550861 0.0897876956420652 0.995955952358933 0.00314812199543585 -1.08901975639504 -0.985888495909087 0.0893276074812969 -0.141578431181401 21.3083546416146
-0.143724872037949 0.00761216068492701 0.989588407454019 51.7269933709457 0.0905142487927364 0.995880053254184 0.00548546223477751 -1.08975033974437 -0.98546959969507 0.0903602486724633 -0.14382174222519 21.1017455017915
-0.146191649558278 0.00632050907096425 0.989236095562891 53.2103816710528 0.0903149423072088 0.995888766763525 0.00698394088392025 -1.08999908322036 -0.985124973186385 0.0903637947372088 -0.146161458001816 20.886137121331
-0.148313903182994 0.00799239052851507 0.988908038098723 55.3649490451637 0.0926805021186019 0.995678697368968 0.00585287388198557 -1.08142338897377 -0.98458788873806 0.0925205560903862 -0.148413732690261 20.6221258065959
-0.149352839728425 0.0072853810200936 0.988757125126513 56.5187702476571 0.0926089237000122 0.995680337429188 0.00665228592467668 -1.07769759360527 -0.984437563543865 0.0925612709522206 -0.149382377151821 20.4240975063591
-0.150100358814056 0.00863657248395408 0.988633042083675 58.1647027695104 0.0944039170410308 0.995518022417999 0.00563626545383437 -1.07211395612161 -0.9841533329371 0.0941768371558809 -0.150242938643095 20.1737927444543
-0.150180505384629 0.00880337713843865 0.988619399138706 59.82084491372 0.0940130768710961 0.995556228901706 0.00541631537514515 -1.06934829446861 -0.984178518958653 0.0937565765478458 -0.150340770166915 19.9175931102642
-0.149215194779003 0.0107504686623224 0.98874630369504 62.0099913996435 0.0937930242885164 0.995586149477711 0.00332979923688885 -1.06730711948223 -0.984346328403717 0.093234362719357 -0.149564900181953 19.5923414359722
-0.14829786237781 0.0104271279966113 0.98888776866534 63.2488514255377 0.0939942445566706 0.995566238231782 0.0035982333498029 -1.07102017181717 -0.984465756643873 0.0934833690811426 -0.148620435004228 19.4280722083972
-0.147041217489705 0.00917324928979698 0.989087828181407 64.8876175550787 0.0933235613485687 0.995625021778374 0.00463992521844519 -1.07568926779058 -0.984718027283123 0.0929874588655915 -0.147253995658368 19.1834178761199
-0.146015136903757 0.00985345060824869 0.989233283561612 66.5916431735826 0.0940904776969182 0.995555727877205 0.00397173735977877 -1.07733741177967 -0.984797726338634 0.0936573659783368 -0.146293321776003 18.9293832400649
-0.144806448131409 0.0110961241514744 0.989397780777975 69.0819867908513 0.0943501298728587 0.995535565666535 0.00264395272013312 -1.06930843893286 -0.984951341728382 0.09373267051475 -0.145206890007441 18.565137288514
-0.144077857431445 0.0114335699936239 0.98950030039165 70.6696315200754 0.094652487362063 0.995507766203245 0.00227904918746301 -1.08103482088261 -0.985029176031928 0.0939870252014887 -0.144512841850253 18.3259585088517
-0.143102673421298 0.0111747556743744 0.989644759343117 72.3425287587675 0.0945830665231244 0.995513993352209 0.00243568614995938 -1.08825255304132 -0.985177988176126 0.0939521893068858 -0.143517656536343 18.0856077682182
-0.14258157442722 0.00929352135544665 0.989739422825357 74.034643971604 0.0964242972709649 0.995329944952297 0.00454484070762981 -1.10143939180522 -0.985075047663708 0.0960829388709202 -0.142811831891728 17.8499643930341
-0.141539549321803 0.0081168521648031 0.9898993245218 76.4577078526171 0.0984744769261849 0.995121964465478 0.00592057703963886 -1.08138284798103 -0.985022503992622 0.0983178139977835 -0.141648417141888 17.4920458290908
-0.140950255605339 0.00889669573801114 0.989976703892438 78.1349836717815 0.100090943282027 0.994964127909366 0.00530916626873174 -1.09838112687728 -0.984944073802012 0.0998360304624552 -0.141130926815479 17.2377356127584
-0.140092221707819 0.0105916221642172 0.9900818082143 80.0177541951053 0.101889731489505 0.994788536412223 0.00377497547333569 -1.10547899664207 -0.984882049807978 0.10140801429255 -0.140441313733808 16.9382273733746
-0.139234559739411 0.0107029305302108 0.990201587886143 82.2164293918812 0.101480596073426 0.994831303885227 0.00351645142182318 -1.09078435404093 -0.985045900450713 0.100975858937101 -0.139601038381382 16.6730270653984
-0.139901565512262 0.0103743727014388 0.990111066678012 84.303823132727 0.100863438405049 0.994892917710368 0.00382741203184547 -1.10633688642532 -0.985014780985711 0.100401467523151 -0.140233471606705 16.3539026101269
-0.139630167204521 0.00911067342998606 0.990161811037009 86.2241803654256 0.100562163432551 0.994918079378095 0.00502659053121845 -1.11285770596519 -0.985084091685681 0.100274677542517 -0.139836766808812 16.0718193142679
-0.138745476841603 0.00966990910891261 0.990280861934543 88.0556949163815 0.102846028812308 0.994686200188796 0.0046965425061613 -1.10268843449288 -0.984973292538196 0.102498078088322 -0.139002722903784 15.8391765334802
-0.139070530727201 0.00914723314076214 0.990240231261649 89.949701181254 0.104185883235263 0.994542937021115 0.00544501202047713 -1.10753990319347 -0.984786621161023 0.10392629382059 -0.139264626646445 15.600929065447
-0.139094367515824 0.0100290973768518 0.990228344439392 91.8252220967352 0.10499716929517 0.994461524279048 0.00467666212095593 -1.11020326612012 -0.984697086095706 0.104621670481778 -0.139377023573572 15.3179590419262
-0.139089062528551 0.0109133969679085 0.990219738467957 94.1030475558418 0.103021214567219 0.99467297242068 0.0035081740127757 -1.11381595016167 -0.984906524515918 0.102501588780027 -0.139472442667168 14.9948372822327
-0.140648164702509 0.0114792997168089 0.989993090604085 95.8980494806905 0.103852235062151 0.994587519497072 0.00322169726345714 -1.12323131667144 -0.984597789474673 0.103266120962653 -0.141079060185823 14.7272484572902
-0.142200625343357 0.0118448142279237 0.989766983955246 97.7430395812962 0.103042710867836 0.994672702768528 0.00290070752726864 -1.12923054830737 -0.984459842700029 0.102400755578546 -0.142663602113423 14.4746625414375
-0.142678594339915 0.0114345809871338 0.989703020645504 100.221143561058 0.100802036752358 0.994901866671296 0.00303728176939665 -1.13428269508213 -0.984622652646059 0.1001974353545 -0.143103828895731 14.1207669690426
-0.144034799325682 0.0107164162358161 0.989514595650954 101.872711460611 0.101688546349667 0.994808129019774 0.00402814814391201 -1.14891850603114 -0.984333996225114 0.101202494333086 -0.144376726020018 13.8811424050254
-0.144617687454014 0.00955107099599397 0.989441509902572 103.784868140076 0.0991690620340332 0.995058586917455 0.00488934935628469 -1.15071593469329 -0.984505572158301 0.0988290728716364 -0.144850242473354 13.606945700174
-0.145820065181872 0.0111083358728178 0.98924876217486 106.57070088606 0.0982951025505823 0.995151790708237 0.00331455347808855 -1.14567106710817 -0.984415857960916 0.0977216369302381 -0.146204994000716 13.2141626063496
-0.148321075329933 0.01149224042527 0.988872482690756 108.359369275959 0.0972834133732803 0.995252121751392 0.00302516640793187 -1.16441857554946 -0.984142670599855 0.0966495864417432 -0.148734869298441 12.8958788695422
-0.152870912250063 0.0123786977512408 0.988168635421008 110.277781026165 0.0974415666352837 0.995237833000326 0.00260707814937135 -1.16609698072612 -0.983430539122868 0.0966872463502751 -0.153349115138321 12.6265690586342
-0.156981331057673 0.0118653166931435 0.987530291160293 113.078670732442 0.0951698133505441 0.995456011325986 0.0031679870235946 -1.16387832113385 -0.9830053755327 0.0944803883074708 -0.157397229642347 12.2442026706909
-0.162148511525709 0.0108236845701711 0.986707002135043 114.830248966552 0.0938158837222308 0.995579412020102 0.00449603415519251 -1.18097641076146 -0.982296513366211 0.0932978146262453 -0.162447153297782 11.9150227846083
-0.166881853339984 0.0114891703894301 0.985909958358051 116.842853979574 0.0923559748408064 0.995717900990695 0.00402933715243413 -1.18552675690242 -0.981641900561002 0.0917270985611466 -0.167228342252554 11.5721941462579
-0.171505143271038 0.0137095551492488 0.985087830565981 119.488373941893 0.0938869164306993 0.995579753452376 0.00249026882900658 -1.19288116091639 -0.980699359005968 0.0929139527375493 -0.172034196112195 11.1751778274188
-0.17618577557193 0.0153899228975097 0.984236619294022 121.397346411993 0.0929661680672623 0.995668690046882 0.00107296561710187 -1.20700502490194 -0.979957072570532 0.0916897482466532 -0.17685340252723 10.7890450406687
-0.180881948111379 0.015759579769029 0.983378541810292 123.64895068966 0.0914728878194013 0.99580718998718 0.000866697072118735 -1.215299631566 -0.979241763632154 0.0901092448938465 -0.181565118740493 10.3903506310075
-0.185990693731567 0.0153974259526815 0.982430853098213 126.055990876192 0.0912061501765859 0.995830650508274 0.00165942105357914 -1.22882417322479 -0.978309204707395 0.0899123727987349 -0.186619573470965 9.98927787847742
-0.191590223895234 0.0147899831947435 0.981363562857759 128.244672219663 0.0873291075605862 0.99617743504535 0.00203589762491501 -1.23478413329194 -0.977582126002949 0.0860916622186306 -0.192149453852952 9.57320714724069
-0.197625407499114 0.014121768278753 0.980175889303288 130.7050884423 0.0852143523006798 0.996358633596628 0.0028262022992398 -1.2535391527909 -0.976566798776605 0.0840835829287847 -0.198109158317008 9.13138006791144
-0.202610238084425 0.0139730907118407 0.97915976436909 132.709504025149 0.0864383973483646 0.996250441095737 0.00366907078086596 -1.25534802560974 -0.975437078897055 0.0853803920845263 -0.203058350629255 8.70452998046659
-0.207997140683573 0.0155526075115213 0.978005780078549 134.613414380191 0.0871243388985065 0.996193820474727 0.00268730710300972 -1.27061607656907 -0.974241519870179 0.0857670592218264 -0.208560476872977 8.30642371232583
-0.213733570635147 0.0164147397541232 0.976754071966099 137.122403971391 0.0868315593926805 0.99622044694565 0.00225862366155848 -1.29009150484001 -0.973025303410444 0.0852958229118728 -0.214351070715311 7.77801868231168
-0.219504734529536 0.0164507179774304 0.975472729191927 138.904649927822 0.08721922584216 0.996185132457019 0.00282639613029396 -1.30138499437223 -0.971704933692638 0.0857003836025143 -0.220102171928787 7.38327220595196
-0.224961232234203 0.0162545465903598 0.974232125166693 141.001936990455 0.0860752730321199 0.996283324880856 0.00325329629649039 -1.31833792927399 -0.970558340010591 0.0845891617140669 -0.225524238955365 6.90042237567882
-0.230460887660451 0.0172175946663685 0.972929254207449 143.690688323859 0.0863060875616518 0.996264696762759 0.00281304710373275 -1.32405570960387 -0.969246634509792 0.0846180147374775 -0.231086029593592 6.28462630662136
-0.235771270564935 0.0177284730698104 0.971646854170181 145.601571949959 0.084931775401157 0.996383808374979 0.00242897825847548 -1.33337841079032 -0.968090130878011 0.0830963756777979 -0.236424387163868 5.82667387448696
-0.242151359671274 0.0170592016162113 0.970088502482928 147.87499392108 0.0858712916221801 0.99629854706888 0.0039148925370547 -1.33967211995242 -0.966430980610872 0.0842507492468502 -0.242719943488071 5.28047824270825
-0.269942304164584 0.0139985408094389 0.962774736518113 150.917189482083 0.092893520662973 0.995608829078843 0.0115694977891808 -1.54054930125009 -0.958385072004543 0.0925586317717723 -0.270057315108079 5.16261801111219
-0.273818448345768 0.015348848286231 0.961658915729378 152.904006828717 0.0957527409001344 0.99534012214922 0.0113777787852811 -1.5061878958334 -0.957003066847556 0.0951969227247463 -0.274012182116253 4.58874204089379
-0.27657206386762 0.0157428463257743 0.960864223643262 155.087782683869 0.0954682699597316 0.995369788636309 0.0111710922029286 -1.49493679802543 -0.956239354408142 0.0948216571236423 -0.276794419057584 3.96508345249178
-0.280044778036835 0.0148692582135137 0.959871776569391 157.575258435919 0.0923292792134956 0.995661961341522 0.0115135979376145 -1.51079968980256 -0.955536617034751 0.091848592246874 -0.280202800856899 3.30127686468819
-0.284530467990431 0.0151214560308735 0.958547731911486 159.550441277691 0.0912466589294672 0.99576333485652 0.0113766510727947 -1.50514245897208 -0.954314654618358 0.0907012818152478 -0.284704790015404 2.69419345202808
-0.288720541653547 0.015583963000988 0.957286576174797 161.65871096133 0.0891822336115419 0.995958020536944 0.0106841254292748 -1.50613290800151 -0.953250742478252 0.0884576815506485 -0.288943351782569 2.04124953278145
-0.293136147712267 0.0156718640211368 0.955942253267694 163.922779216921 0.0890009305582673 0.995971200199942 0.010963700654856 -1.49225980824549 -0.951919131683031 0.0882936070754265 -0.293349971340438 1.40253705583774
-0.297899610430646 0.0150194370085178 0.954479040428451 165.87472346001 0.0863095064357024 0.996204718608597 0.0112617814217292 -1.51866875275078 -0.950687378271162 0.0857354951808907 -0.29806531777782 0.765659677641832
-0.302219573550731 0.017124722029546 0.953084504783404 168.187753145086 0.0892673382666965 0.995953284913566 0.0104113682413364 -1.47430329689332 -0.94904935155217 0.0882258361552233 -0.302525255397162 0.0781619922305197
-0.306340718016143 0.016163195327051 0.951784700235392 170.176051674148 0.0865827871914871 0.996184477058018 0.0109502799414999 -1.4940098139526 -0.947976152362236 0.0857626887723511 -0.306571322479825 -0.560626532947636
-0.310984139009852 0.01636876448857 0.950274133518018 172.59046807647 0.0881816160705038 0.996035686051067 0.0117010555068328 -1.46218677826991 -0.946315416693343 0.0874355514759154 -0.311194724355358 -1.31734878084546
-0.315671195783913 0.016579209883679 0.948723788018403 174.655917907766 0.0871574523585255 0.996127096328093 0.0115925173855118 -1.46591413299081 -0.944857277397347 0.0863477721808441 -0.315893633346225 -1.98485084594593
-0.319648638478772 0.0174131812510792 0.947376128598026 176.842817968672 0.0883741899333922 0.996020838301919 0.011510526571751 -1.46374494198394 -0.943405930907944 0.0874029220739177 -0.319915580646922 -2.7076678495767
-0.32252901359759 0.0185395807754833 0.946378000236922 179.08954381258 0.0903261898733108 0.995848411522833 0.0112747811695031 -1.43801477269414 -0.942239998519876 0.0891191629904529 -0.322864615554484 -3.49051182846043
-0.325928951981752 0.0203439756108653 0.945175349295792 181.341499781129 0.0901387596374308 0.995882487481334 0.00964754575090076 -1.42180747173737 -0.941087308527271 0.0883413481011851 -0.326420716169429 -4.21883532537818
-0.329492686287705 0.0213629707816065 0.943916412169158 183.637305068455 0.0908199087916916 0.995825161571436 0.00916470121126505 -1.41858362050418 -0.939779928414084 0.0887461044813076 -0.330057290616965 -5.00025550440602
-0.332609754900889 0.021927463360875 0.942809597583377 185.75856934215 0.0905727062343929 0.995851038701172 0.00879167806370285 -1.4243083062899 -0.938705137852217 0.088317014602821 -0.333215799597642 -5.77493945307853
-0.336260960991815 0.0222326576130028 0.941506386090038 188.149527694259 0.0912198797908939 0.995789516707479 0.0090648743190285 -1.40756357496646 -0.937340652934565 0.0889322627112788 -0.336873200188522 -6.5930033788809
-0.340355855548368 0.0222695315323593 0.940032956634642 190.418660328576 0.0906203402758931 0.995842840544371 0.00921904901816864 -1.39792419513617 -0.935919785837558 0.0883238637167063 -0.340959014510444 -7.38820061738686
-0.343706738114057 0.0229170695719494 0.938797361573428 192.434289216567 0.0926070709747298 0.995656455167866 0.00959967124649182 -1.41368112931695 -0.934499656811321 0.0902387455852185 -0.344336115176335 -8.1647553652983
-0.346784682130138 0.0233571128630055 0.93765389644506 194.755872148223 0.0954987594167074 0.995373909358036 0.0105246149179277 -1.39887475132196 -0.933070399910837 0.0931945591116007 -0.347411000059332 -8.96004892442882
-0.349498603699414 0.0229020094673874 0.936656940386669 196.850030242526 0.0961844061478532 0.995296472293209 0.0115538848306063 -1.39449518927415 -0.931986741336026 0.0941298581909576 -0.350057543513642 -9.73192022371405
-0.352411372586273 0.0220582374546135 0.935585195817172 199.102344543592 0.09453161419886 0.995447859699275 0.012138061504665 -1.39643386039139 -0.931058536499622 0.0927199696965494 -0.352892347367655 -10.6308821045197
-0.354820294589589 0.0223850761335973 0.934666500369972 201.319293205132 0.0940961351866 0.995492241559548 0.0118791555967186 -1.38931105383053 -0.930187333761486 0.0921634708615025 -0.355327199561839 -11.412073926132
-0.357864089648144 0.0242106615032997 0.933459767322554 203.476854067878 0.0932628620469969 0.995591977740212 0.00993239256851266 -1.38020504883839 -0.929104586095186 0.090611576130784 -0.358544572358845 -12.2298352412329
-0.361305781219525 0.0261072712863986 0.932081832696747 206.052880380541 0.0925564506832654 0.995675384982709 0.00798944156066772 -1.38449546123412 -0.927842355087471 0.0891568176053489 -0.362159669179523 -13.2130764577349
-0.364414494172177 0.026745646248945 0.930852698789643 207.992222810106 0.0914599766618895 0.995782767507993 0.00719392821268563 -1.38131326277985 -0.926734670283918 0.0877573378176944 -0.365323829708531 -13.9870029980276
-0.367774663926635 0.0274602122430175 0.92950940464162 210.107227389644 0.0898164834985147 0.995939562316308 0.00611453229298524 -1.38266165187075 -0.925567283273135 0.0857340361628295 -0.368747717521911 -14.8094911434753
-0.371521479188385 0.0279695646111375 0.928002960101496 212.552849491494 0.0903909227278824 0.99588723632207 0.00617200285085517 -1.38897166388411 -0.924013675001662 0.0861760754864851 -0.372521693896706 -15.808368784042
-0.375093933248956 0.027249397444768 0.926586213786243 214.642671911475 0.0902099035147441 0.995896527927809 0.00723041971087468 -1.38962167322405 -0.9225869685551 0.0862993395121418 -0.376012911283748 -16.6223667290589
-0.378752737076291 0.0265804574085135 0.925116124300713 216.741817949191 0.0899217571015107 0.995915072992802 0.00820030398936039 -1.39138522057949 -0.921119124628837 0.0862939550008876 -0.379595721226293 -17.4755363798416
-0.382600310710041 0.026373496525532 0.923537460488527 219.305000700194 0.0897020661158294 0.995930464022425 0.00872067466588932 -1.39412032214923 -0.91954909688343 0.0861797511779575 -0.383409062109614 -18.541149599076
-0.386348701484601 0.0264209547970113 0.921974302249676 221.392678149546 0.0885263766109527 0.996037109748712 0.00855316593826951 -1.38715724144575 -0.918094636464727 0.0849235488604079 -0.387156595376671 -19.3844016010096
-0.389984830879888 0.0269095448936558 0.920428002658112 223.567112698786 0.0875739177587379 0.996126041535296 0.00798237455942113 -1.3891723440778 -0.9166475007395 0.0837184912001967 -0.390830620114637 -20.2965233181218
-0.393054441795815 0.0277668770907983 0.919095863510007 226.296744182264 0.0881931989883086 0.996074213965298 0.00762364254288972 -1.40194436703581 -0.915276005059015 0.0840545109440158 -0.393960243873888 -21.3980043447708
-0.39596882751615 0.0282568443643969 0.91782908996286 228.164266394658 0.0883323405800451 0.996063251926308 0.00744283344161309 -1.39853680786658 -0.914005517074781 0.0840211218001457 -0.396905991197297 -22.251219819767
-0.398536843195236 0.0280092528319151 0.916724531346125 230.340520108306 0.0891940516574025 0.995979304301568 0.00834545097049213 -1.39904165199421 -0.912804911120066 0.085092344889315 -0.39943270656811 -23.1902692388187
-0.400976316138721 0.0276254977843863 0.915671789326277 232.881328053797 0.0911575646197998 0.995787511965688 0.00987569874851181 -1.41528666852409 -0.911541711776487 0.0874303316095118 -0.401805481304379 -24.297795227082
-0.403618062994466 0.0285163924445014 0.914483064133255 234.933425832056 0.0922430002882863 0.995689629404586 0.00966389124385901 -1.40161064930958 -0.91026572390836 0.0882551826133123 -0.404508757160436 -25.2021899406428
-0.406101231935344 0.0293985966450256 0.913355085350653 237.483248668741 0.0925980139445385 0.995661773542068 0.00912362431223555 -1.41342402144276 -0.909124522402802 0.0882799820025291 -0.407061724488449 -26.3051563806574
-0.408707551029358 0.0294597411350198 0.912189816531539 239.478449673805 0.0916447156197079 0.995751967810693 0.00890307250984577 -1.40849250004753 -0.908052522616708 0.0872361292893623 -0.409671177795122 -27.2203655935447
-0.411520208968532 0.0306511902653651 0.910885076255952 241.711880611509 0.0913138117321859 0.995792044000937 0.00774550781898016 -1.41143499917316 -0.906814702901003 0.0863638213591279 -0.412587427053727 -28.2228094432012
-0.414218385911981 0.0318224589631679 0.909621052899509 244.279168158658 0.0914590781814406 0.995785540882106 0.00681128389753933 -1.43017937592781 -0.905570740356972 0.0860144620146475 -0.415383132220912 -29.3460008857488
-0.416798307134074 0.0316803602112533 0.908446765609882 246.368810068802 0.0890529429460101 0.996008067945446 0.00612388277440035 -1.43345435223465 -0.904626301034203 0.0834522819608018 -0.417955705921943 -30.3345983503495
-0.419781407414989 0.0326408077251113 0.907038118085312 248.615206884624 0.0898486982323238 0.995938871828501 0.00574238686687827 -1.44437151976581 -0.903167083885727 0.0839067413979616 -0.421009355398817 -31.3700537615875
-0.422239905865765 0.0323515261749129 0.905906640139382 251.114067810162 0.0914873384463376 0.995781064690509 0.00708082677668239 -1.46031438648783 -0.90185560307539 0.0858687950188544 -0.423418258042251 -32.4513067898371
-0.424853804493226 0.031419464632787 0.904716564482944 253.181525007396 0.0918043982183205 0.99574051871022 0.00853064279377567 -1.46262794200014 -0.90059491297442 0.0866812358062113 -0.42592859270505 -33.4783144034106
-0.427821630202578 0.0308698337105763 0.903335876680147 255.425591569014 0.0908002341981878 0.995828705446105 0.0089725625709592 -1.46709313259633 -0.89929081514289 0.085861765508385 -0.428840048297055 -34.5363748318565
-0.430889563908406 0.030877743650094 0.901876237996047 257.8378148627 0.0891917797817432 0.995978084259266 0.00851364167722343 -1.48528747873832 -0.897986085713019 0.0841083861593017 -0.431910603300601 -35.6400801368122
-0.43429800840114 0.0302436852131902 0.900261383934427 260.02703404182 0.0877709047736891 0.996101119724 0.008878488598954 -1.4773194233048 -0.896482854367004 0.0828726661168761 -0.435259248077131 -36.7131051858821
-0.437730616089775 0.0294812849889911 0.898622702569362 262.364052148856 0.0868334051991389 0.996176437154541 0.00961591387265713 -1.49227358400318 -0.894903272694423 0.0822396491570951 -0.438616885935015 -37.8039009740152
-0.441372071662712 0.0299580381902114 0.896823957253574 264.524804145833 0.0867138160888259 0.996188924905949 0.00939893579306223 -1.48450350054547 -0.893124520128901 0.0819154554557481 -0.442287745367196 -38.8671365920177
-0.445005349684926 0.0296046579061911 0.895038436594794 266.772901148647 0.0860665217858177 0.99624080365373 0.00983945949026598 -1.48700544057909 -0.891382517541985 0.0814114572135066 -0.445880457134965 -39.9736001036538
-0.448799261218396 0.0288905185847382 0.893165472387803 269.108095777547 0.0849627871218687 0.996329169215253 0.0104647682882687 -1.50031501565451 -0.889584480493172 0.0805824081716848 -0.4496064140545 -41.0831487978089
-0.452644699713563 0.0287007217431943 0.891228951724886 271.244702657984 0.0840164919829138 0.996408162634503 0.0105831238403082 -1.49839977712001 -0.887724058982353 0.0796683249902623 -0.453430207526078 -42.1876240516765
-0.45645153689748 0.0294448119283505 0.889260927689074 273.553923559635 0.0840014166737916 0.99641419898158 0.0101245278750345 -1.50493347557105 -0.885774100129782 0.0793205340274532 -0.457288198427288 -43.3129213068207
-0.459930495537788 0.0296888586111948 0.887458455900179 275.725187631184 0.0840441939941186 0.996409589373625 0.0102227031730003 -1.50382944570725 -0.883968615240521 0.0792874635654893 -0.460774332391798 -44.4718506976099
-0.463545782913272 0.0295522901013775 0.885580018571493 277.948772757947 0.0838141707101432 0.996424806664422 0.0106202378475917 -1.50627531536502 -0.882100046441158 0.07914712132183 -0.464365417806898 -45.6262634557335
-0.467044914849316 0.0300175336108668 0.883723936073543 280.055004002924 0.0827568986233154 0.996520710740815 0.00988781041843962 -1.5082830533934 -0.880352397193105 0.0777523037635618 -0.46790408847948 -46.6989425810887
-0.470839467189808 0.0303192241424672 0.881697760450721 282.387810535384 0.0832493776881129 0.996476643246552 0.0101902197535759 -1.49774721880332 -0.878282265135167 0.0781987475058461 -0.471704588315141 -47.9367362324052
-0.474376138065113 0.0310037414814713 0.879776134961946 284.618796756641 0.0837180392115038 0.996439045947291 0.0100258477065016 -1.48427906931859 -0.876332453778251 0.0784091558799286 -0.47528247887881 -49.1063847953467
-0.477501365415793 0.0321253624433144 0.87804351094575 286.822706021182 0.0853757225412324 0.996298869898518 0.00997736636081709 -1.50909517577764 -0.874473231166407 0.0797278052301777 -0.478476796769251 -50.2706119974742
-0.480883956717431 0.0341477713710716 0.876119027234415 289.03536420862 0.0873437621457636 0.996136523079082 0.00911562406762504 -1.49981954868539 -0.872422883346151 0.0809070892957287 -0.482008667469456 -51.515000768252
-0.48344776046046 0.0351033121508178 0.874669091932377 291.087293042632 0.0886990009730046 0.996017340147712 0.0090523671748298 -1.50567340250325 -0.870867814385259 0.0819586212739041 -0.484635981192817 -52.6243202071299
-0.486281002736954 0.0372157899153827 0.873009605535997 293.364389218116 0.0907116330310458 0.995844456691543 0.00807574823564972 -1.50558172202252 -0.869081230961746 0.0831192099198424 -0.487636146047765 -53.8687835544245
-0.488879375849051 0.0395823461750536 0.871452921126965 295.621205690055 0.0921681602100084 0.995722377811816 0.00647893265023192 -1.50210954167164 -0.867468723420588 0.0834876290001233 -0.490436366607324 -55.1285321166699
-0.491651591660403 0.0399793992671981 0.869873760986057 297.832887737989 0.092618912441259 0.995679844681583 0.00658664960796011 -1.50845376839643 -0.865852440936671 0.0838050984671792 -0.493230428902065 -56.3494895792377
-0.494965147937298 0.0411362439840573 0.867938541463791 300.002501643003 0.093327222950039 0.995617201311802 0.00603472522066258 -1.50520751723815 -0.863886295633773 0.0839892724277291 -0.496634946749842 -57.5785412642393
-0.49823536473058 0.0409901578623395 0.86607235742183 302.194846276101 0.0924809049683103 0.995695910722546 0.00607746547848019 -1.50469069192144 -0.862095588405386 0.0831231636117169 -0.499881722133498 -58.8257675694919
-0.50152282133448 0.0423636280012632 0.864106580638797 304.494252108324 0.0933343782989257 0.995620394012263 0.00535955729690952 -1.50769775116071 -0.860095083992611 0.0833387907845825 -0.503280331865162 -60.1361605461088
-0.504723851547776 0.0426788613870999 0.862225230708009 306.681093611803 0.0927768633505977 0.995674246765793 0.00502473424125552 -1.50475086290283 -0.858281007191469 0.082530655626085 -0.506500151605432 -61.4021212275279
-0.507524412465332 0.0423526445379871 0.860595854191942 308.859599183604 0.0910798872774727 0.995832474287873 0.00470502786561938 -1.50517211708945 -0.856810028469113 0.0807708898943939 -0.509266765517274 -62.6724476666884
-0.510052796289176 0.0426229088632868 0.859086394163954 311.086554816439 0.0917206489973352 0.995771964299421 0.00505150104236225 -1.51406586454358 -0.855238836550996 0.081372493849613 -0.51180567572038 -64.0189469271332
-0.512249937128658 0.0429499189385903 0.85776180048709 313.446399810864 0.0937264376150877 0.995579165403989 0.00612211609515487 -1.50915544176482 -0.85370683305434 0.083531011466796 -0.514010907782766 -65.3786270911843
-0.514285186025798 0.0430052009142028 0.856540308525371 315.7694566569 0.0943237478622336 0.995519359740623 0.00665093759120689 -1.50259873073296 -0.852416434627836 0.0842125707715267 -0.516037270844286 -66.7713789944349
-0.516329930253792 0.0425602431996266 0.855331531526169 317.905088289967 0.0941056084033758 0.995535666791541 0.00727121812025127 -1.51479456600647 -0.851203581754179 0.0842458417057508 -0.518030018979736 -68.048806406536
-0.518689750317875 0.0417560505516754 0.853942255165714 320.232762502147 0.0935292568118832 0.995583351616231 0.00812822888513868 -1.49933626335208 -0.849831289748381 0.0840846134968719 -0.520304292445954 -69.4441849221485
