0.999999181029357 -0.000779199643342938 0.00101527756337554 -0.0059477853864882 0.000778927851613437 0.99999966070493 0.000268069816338747 -0.000867221781402055 -0.00101548609880215 -0.000267278768826206 0.999999448674869 0.0104360557031334
0.999994058132559 0.00224233368332906 0.0026183275634427 -0.00305221657758763 -0.00224015730791925 0.999997143194518 -0.000833845331999242 -0.0044313345144822 -0.00262018984286479 0.00082797491177504 0.999996224524239 0.175070441265035
0.999977958912881 0.0050659198496268 0.00429163657662258 -0.0062212187530544 -0.00505987971549753 0.999986194612538 -0.00141711029905205 -0.0113761835334778 -0.00429875629610987 0.00139536389954015 0.999989786774792 0.342056018451737
0.999963858591546 0.00631460756984605 0.00569273589287935 -0.00736232081915303 -0.00629895929967007 0.999976345392953 -0.00276256516586615 -0.0187783337410815 -0.00571004574835735 0.00272660701117709 0.999979980295485 0.500472186480732
0.999957030245144 0.00533965971225051 0.0075779744964465 -0.00260508134817348 -0.00530565477980348 0.99997579805817 -0.00450036946079873 -0.0231862942661071 -0.00760182153624861 0.00445996996441794 0.999961159734341 0.654023519449332
0.999951277187536 0.0039691110080831 0.00903821933910503 0.00384557798713821 -0.00391484152592625 0.999974251132458 -0.00601424042649132 -0.026328597686724 -0.00906185780307449 0.00597856419939375 0.999941068015146 0.799494588151757
0.999943081833023 0.00318848276016908 0.010181683159706 0.00866861536321027 -0.0031167045985665 0.999970236103854 -0.00705783669737386 -0.0294286786156932 -0.0102038839037795 0.00702570167952122 0.999923257189865 0.939457989129181
0.999925309372857 0.00374401949560966 0.0116343454312204 0.0114888526241216 -0.00364708154145367 0.999958553003875 -0.00834212626535772 -0.0346056581483465 -0.0116650963059228 0.00829907178024615 0.999897520216827 1.07262898212372
0.999906961793001 0.0044371484536319 0.0128988166701401 0.0126867824214871 -0.0043024906795316 0.999936155460611 -0.0104486160138649 -0.0373567152935365 -0.0129443552115196 0.0103921468548651 0.999862213983459 1.20561831607338
0.999896571219712 0.00450863786657027 0.0136571976500084 0.0164877922006616 -0.00433737523909785 0.999911915386533 -0.012543868784033 -0.0435451304502431 -0.0137125504228253 0.012483334996062 0.999828051370973 1.32620678276569
0.999889136760622 0.00358826153940698 0.0144512479469149 0.0179876506377261 -0.00337338427696939 0.999883802304502 -0.0148661416518245 -0.047361913420398 -0.014502912349535 0.0148157439305972 0.999785056532235 1.4527842513938
0.999900318971635 0.00238811859948339 0.0139157827655344 0.0212196229851304 -0.00215621597128224 0.999858954907541 -0.0166559606112802 -0.0541817998241641 -0.0139535964219957 0.0166242948949461 0.999764437238162 1.57713134381126
0.999927273348123 0.00221327783255551 0.0118553538885791 0.0221825320016807 -0.00200022728581772 0.999836837604407 -0.0179526393609419 -0.0550738353423721 -0.0118931537193715 0.0179276203232578 0.999768549877497 1.70695347441526
0.999958484786827 0.00219321192479639 0.00884412371494605 0.0223207680513415 -0.00202558014013665 0.999818974535431 -0.0189186464636078 -0.0579833304098131 -0.00888401530436684 0.018899946570613 0.999781909364087 1.83511198547762
0.999985707348961 0.00247771125916324 0.00473772569017849 0.0167228931109805 -0.00238229543575583 0.999796335598982 -0.0200402592623879 -0.0635569851841496 -0.00478641476012459 0.0200286861716679 0.999787948499071 1.96373453631803
0.999995651915794 0.00280679009706423 -0.000904477118286109 0.00733387930476257 -0.00282527105033243 0.999772871532605 -0.0211239956197205 -0.0675854181523136 0.000844981064068579 0.0211264591638267 0.999776454378778 2.09291220262191
0.999968198112587 0.00272789174478342 -0.00749408901028132 -0.000598922243361867 -0.00289113344722381 0.999756884169547 -0.0218589547551657 -0.0710123967735278 0.00743263821638189 0.0218799260105417 0.999732976712741 2.21258014265708
0.999889274944473 0.00243643822807462 -0.0146799734256058 -0.00878129883716395 -0.00276805435928148 0.999740486506131 -0.0226118888098531 -0.0738322248288574 0.0146210713041069 0.022650020071644 0.999636534378708 2.33003124047316
0.999740122770338 0.00265586960213506 -0.0226414063124458 -0.0238974420675584 -0.00318972690826689 0.999716973192376 -0.023575392962277 -0.0786143073563396 0.0225723850179702 0.0236414861574216 0.999465641013671 2.46594726204231
0.999463784617422 0.00139551985330751 -0.0327138466487696 -0.0375663370573043 -0.00220968034070809 0.999688390676004 -0.0248644095126618 -0.0799632532968618 0.0326689539320144 0.0249233639776111 0.999155426035923 2.60143030287482
0.998961210876198 0.000142650490965141 -0.0455683971146505 -0.0560761657029212 -0.00136286165893296 0.999641289119819 -0.0267476297074004 -0.0770403530936156 0.0455482356723032 0.0267819479818595 0.998603067033863 2.74469920759388
0.998101131010034 -0.000965126534915359 -0.0615889666032962 -0.0882277230594192 -0.000789597870904296 0.99959461483455 -0.0284601920051408 -0.0865980209129636 0.0615914670363727 0.028454780345995 0.997695753556047 2.89762942277009
0.996735927015424 -0.000610502534009404 -0.0807286757191011 -0.128302012425269 -0.00179441690990028 0.999556823606614 -0.0297142465731326 -0.0890922655371977 0.0807110392985822 0.0297621180044604 0.996293101686061 3.08532245612212
0.994733561730148 -0.000285754987160223 -0.102494192575679 -0.162322142070645 -0.00262581195466808 0.99959684388042 -0.0282710950598444 -0.101774112811466 0.102460950021127 0.0283913375590399 0.994331778468523 3.25235985802205
0.992027870555643 0.000421256116277091 -0.126017961355201 -0.212162070720647 -0.0038474046587867 0.999629496774425 -0.026945624058492 -0.107629423488748 0.125959920285097 0.0272156521471475 0.991661941772486 3.45146978384942
0.988288337977532 0.00138340279026087 -0.15259176653518 -0.273100180309252 -0.00531479719378653 0.999664274165727 -0.025359256446106 -0.116097940177216 0.15250545547093 0.0258732516980442 0.98796389655603 3.66445075606732
0.983137553992975 0.00248223734405552 -0.182850727169673 -0.332194095726901 -0.00684759470423736 0.99970631479357 -0.0232463891524268 -0.12652695292251 0.18273932356085 0.0241064858415187 0.982865818392773 3.87764909872041
0.976463383145109 0.00267872619693119 -0.215666607991988 -0.418507606824198 -0.00711412089112384 0.999778801995003 -0.0197923309739641 -0.13318980334946 0.215565884733077 0.0208607647845983 0.976266448174804 4.1230672361956
0.967636250158253 0.00383201024936236 -0.252320040974006 -0.513105519595339 -0.00807244036893133 0.999843015940187 -0.0157727354038939 -0.140700203389376 0.252219989465873 0.0172991090256111 0.967515280365512 4.36935758135593
0.956639215508718 0.0056356503904851 -0.291220965583764 -0.620306559304913 -0.00904154005408123 0.999905551154464 -0.010350812718695 -0.147990039930643 0.291135126538029 0.0125350793840038 0.956599816997956 4.60094831000646
0.943199982476433 0.0105354283310764 -0.332058425290395 -0.75857496771408 -0.0134075624832111 0.999889890590716 -0.00635955680414786 -0.151127031807725 0.331954861878411 0.0104504279513878 0.943237381697162 4.87233912731095
0.92805798939476 0.0133259408153437 -0.372197242899436 -0.907655979739058 -0.0150634018179157 0.999884990437551 -0.00176063152632207 -0.159620013696392 0.372130974585868 0.00724052477969806 0.928151987852575 5.14717246286258
0.909904269791411 0.0160448854850665 -0.414507878652663 -1.07859609056725 -0.0158329027126919 0.999866858843806 0.00394762935341644 -0.165219633066133 0.41451602985536 0.00297089811212438 0.910037161195826 5.42575968375422
0.889011908426996 0.0194686970773316 -0.457469995200889 -1.25451978616025 -0.015916716035942 0.999805824302979 0.0116177381823025 -0.172826540419483 0.4576073478711 -0.0030468875844776 0.889149161642987 5.70226466239981
0.865689265618576 0.023782264277041 -0.500016499026409 -1.460920905277 -0.0169005450292356 0.999689913426241 0.0182879351363153 -0.17751960489283 0.500296379129896 -0.00738111778068038 0.865822760228572 5.98061343723951
0.839106433296587 0.0288998615641977 -0.543199034978755 -1.68997714620928 -0.0196099697317604 0.999545727246103 0.0228864202351029 -0.178921321744118 0.543613688833716 -0.00855202582014918 0.839291975516847 6.26560126420825
0.809331312061405 0.0331119211034565 -0.586418304623758 -2.00446931996188 -0.0216580234392344 0.999413087562577 0.0265407315148312 -0.165804495688181 0.586952943035189 -0.00877958367323036 0.809573444211737 6.55413288219379
0.777418603370949 0.035195164033198 -0.627998101558786 -2.22887305894579 -0.0230537728335827 0.99935679879638 0.0274683865123126 -0.165414716168684 0.62856092679302 -0.00687670910599801 0.777729948106006 6.82691959488437
0.742175349551124 0.0375017256979432 -0.669155715127909 -2.52881883646959 -0.0233602133891597 0.999274082291167 0.0300933363314541 -0.155209948332861 0.66979851518877 -0.00670291211499278 0.742512639636591 7.09788684531862
0.703655752542073 0.0412419368945279 -0.709343135975557 -2.85871390132381 -0.0245199218179766 0.999128900387382 0.0337670526510878 -0.140443785055077 0.710117846099145 -0.00636734260809001 0.704054047356893 7.37548191080535
0.663372581485302 0.0423212931160786 -0.747091511317394 -3.22309017018121 -0.0224069900598123 0.999075104974938 0.0366996105670914 -0.124055274876347 0.747953705071367 -0.00760544333353767 0.663707324279095 7.65434661503313
0.62025059844455 0.0440761162003347 -0.783164408735402 -3.59345481654264 -0.0215202030896476 0.999000416749155 0.0391796910911247 -0.112560176978297 0.784108459326998 -0.00744736971757302 0.620579133307052 7.87052311506671
0.576908281376289 0.0416334219113344 -0.815747199234793 -3.99584261247069 -0.0148175864601513 0.999069238293812 0.0405104458938385 -0.097265452379264 0.81667452146553 -0.0112834070641137 0.576988224068805 8.16186161467825
0.53099895502426 0.0416303808499299 -0.846349231200356 -4.42064372067038 -0.0101931008817728 0.999033993935251 0.0427455220601583 -0.0801616512239637 0.847311165073114 -0.0140709044510745 0.530910349485081 8.39765345163115
0.482935579567238 0.0427421253078184 -0.874612106429031 -4.87138012666365 -0.00808062900920342 0.998983008869965 0.0443582170958917 -0.0613318690652765 0.875618598148116 -0.0143547453227629 0.482789821624118 8.61178557152354
0.433457020911012 0.0423629380767849 -0.900177978235667 -5.34727143984273 -0.0069618448908503 0.999022089525354 0.0436623104760962 -0.041609182665012 0.901147348516693 -0.0126588355664244 0.433328062953966 8.78892568180215
0.37759451010169 0.0427967846921652 -0.924981524767429 -5.90879833797712 -0.00286244300382476 0.998980540033221 0.0450520482884447 -0.016931807314169 0.92596662594346 -0.0143636992083153 0.377332070971893 8.97984390663439
0.326836799427153 0.0419837357251236 -0.944147802240083 -6.39044021597881 0.00192125791093896 0.998981211429142 0.0450871154500296 -0.0052384527829911 0.945078840789622 -0.0165500799432396 0.326423160246968 9.10576841742702
0.272755618048013 0.0409449142091743 -0.961211676387491 -6.9195129448481 0.00456692929285681 0.999027613494171 0.0438516890549898 0.0164577501084174 0.96207251077041 -0.0163505803121731 0.272303401637538 9.21793574247159
0.219458361604098 0.0468114813095542 -0.97449818508792 -7.4960729812318 0.00541570326651288 0.998774399344123 0.0491972496478648 0.0427911274323382 0.975606835605498 -0.0160743408073397 0.21893587619994 9.30927902850097
0.168457250490066 0.0520022172236781 -0.984336286114227 -8.10467709502127 0.00910891820089546 0.998482658912039 0.0543084474198463 0.0632495306659654 0.985666871902742 -0.0181148904431193 0.167727959439376 9.3717776418279
0.115014018506562 0.0535241271980978 -0.991920835225601 -8.96427312391049 0.0139591135732633 0.998361645865924 0.055490244296927 0.110872078968816 0.993265784518535 -0.0202284915791008 0.114078435443397 9.48536713430459
0.0754915079021036 0.0534451761585338 -0.995713134080318 -9.490999588606 0.0182087697198488 0.998322196338634 0.0549657439037773 0.10378607265831 0.99698017680391 -0.0222801580557545 0.0743916770684359 9.47339678856027
0.0351341298315756 0.0516830529366202 -0.99804531708742 -10.1440641398104 0.0177109504214552 0.998472850174403 0.0523286699598984 0.131937093321285 0.999225657775133 -0.0195148534135855 0.0341651187631409 9.47075195303481
-0.000384075131841799 0.0472721336444449 -0.998881973942365 -10.8131504235663 0.0153410286165643 0.998764777189304 0.0472606886004255 0.166560975107127 0.999882245730606 -0.0153057252916149 -0.00110880386848344 9.44743484243548
-0.034016242761858 0.0487361585657608 -0.998232278618869 -11.8103572608792 0.0110935044505313 0.998767189506949 0.048384246644925 0.230530498620048 0.999359709707857 -0.00942804394579901 -0.034514961972798 9.42405607750533
-0.0514686429251314 0.0528982333970647 -0.997272658654049 -12.4786991465489 0.0100822652746159 0.998572819082651 0.0524468580208488 0.259375963599267 0.998623716282754 -0.00735539888765146 -0.0519285218817747 9.33991266801859
-0.0643594800978595 0.0589721679405487 -0.996182784799017 -13.2038399035402 0.0115008621418706 0.998229918064664 0.0583503286246701 0.289759811679164 0.997860505026392 -0.00770156406225523 -0.0649237893184622 9.27962338147887
-0.072292296698256 0.0617343276538731 -0.995471092813456 -13.9492727412451 0.0113031707280798 0.998069201783266 0.0610746001477467 0.318849806436524 0.997319438379491 -0.00683675660233041 -0.0728505085059623 9.21533095501365
-0.0766522216358185 0.0590225048244301 -0.995309389507878 -14.7325582216685 0.0128894807424176 0.998221581646481 0.0582025362109605 0.35552237151123 0.996974572496453 -0.00836766750339992 -0.0772766713573272 9.16079042542241
-0.0792588825677643 0.0551570062240591 -0.995326948393596 -15.9169756464201 0.0210874965595384 0.998337404269562 0.0536446150621376 0.414322296854862 0.996630998425677 -0.0167371413542629 -0.0802902302669919 9.09422355674885
-0.0730550163332933 0.0540218188975672 -0.995863749551886 -16.6920442528212 0.0317787703394416 0.998150966410729 0.0518146505251257 0.457406359137006 0.996821485695536 -0.0278620052459676 -0.0746366821302931 9.04343996234521
-0.0674232290475805 0.0542390635781244 -0.996249081388267 -17.5155795757206 0.0320804928077617 0.998122806635673 0.0521699612319094 0.494034592094573 0.997208579067594 -0.0284426942446731 -0.0690366784984286 8.98817851839067
-0.062626024532966 0.0530070301120655 -0.996628434176898 -18.3605482654365 0.0305800422286882 0.998221655464774 0.0511701825134283 0.521359835206518 0.997568464852658 -0.0272723544979987 -0.0641356111037192 8.9349376847529
-0.0593181033879417 0.0468465611669661 -0.997139289325863 -19.2451234177746 0.034204209263782 0.998407047272497 0.0448713720010157 0.55417944050228 0.997652963048322 -0.0314446762337256 -0.0608259620348031 8.88098163081062
-0.0588345540024013 0.035676742776073 -0.997630024247581 -20.6774726780668 0.0322974702276033 0.998906021488523 0.0338176529473585 0.61603695961196 0.997745142144143 -0.0302312794777335 -0.0599224588022185 8.79246907173123
-0.0576056519080634 0.0271120310009247 -0.997971205317695 -21.5887113128003 0.0246579632515101 0.999364862599311 0.0257265670105441 0.635779363371785 0.998034855962724 -0.0231259416427901 -0.0582375918681401 8.73480391418783
-0.0588868562501177 0.0240725080603368 -0.997974374679362 -22.5068094700436 0.0190368353064962 0.999554491590243 0.0229873278848185 0.658065540989518 0.998083131338513 -0.0176446223381469 -0.059318886031793 8.66366381693328
-0.0622707360702262 0.029914092122555 -0.997610897355154 -23.453294931149 0.00970725383790655 0.999521605041599 0.0293654606296489 0.675947749009538 0.998012086425911 -0.00785545336363873 -0.0625313297495986 8.58350440055681
-0.0670047341580065 0.0378848413697439 -0.997033151101208 -24.4121693831576 0.00473941746590465 0.999279684434961 0.0376516958137221 0.698261782023123 0.997741401126815 -0.00220251446181845 -0.0671360216839421 8.49911231524311
-0.0717359415305898 0.0477140461681396 -0.996281749552297 -25.3976094757652 0.00367543590038544 0.998861005223916 0.0475729273222734 0.723817482477577 0.997416886694657 -0.000249080976373725 -0.0718296045861682 8.41800935839371
-0.073828751451336 0.0573473597057181 -0.995620708801258 -26.3976898671463 0.00201199251082845 0.998351792520174 0.0573554727806469 0.767641394554436 0.997268904230586 0.0022313015345624 -0.0738224488092116 8.33896355513106
-0.0751842396994056 0.0646742075464165 -0.995070136713521 -28.225401711722 0.00352423614329998 0.997905519501467 0.0645922124417061 0.85031542206978 0.997163431870839 0.0013494542420079 -0.0752546949553323 8.18687251157922
-0.0757262920832849 0.0655616102019329 -0.994970956337444 -29.0179381979104 0.00495693884029279 0.997848523035863 0.0653739537773328 0.888358386661965 0.997116320919807 1.85169399491247e-05 -0.0758883536023303 8.13462139751121
-0.0772988882788619 0.0629513136111047 -0.995018599818862 -30.0481676349533 0.00381170708361526 0.998016030753849 0.0628448346918047 0.937686794786163 0.997000678414995 0.00106511641048685 -0.0773854816297694 8.04296398209058
-0.0797013455215574 0.0584003544281132 -0.995106574254599 -31.0864962146808 0.00392720989987064 0.998292971163611 0.0582728131098124 0.977426443876864 0.996811051576203 0.000736429222339256 -0.0797946434765191 7.94173115938023
-0.0840600525402204 0.0532993287301424 -0.99503421505185 -32.1142967214661 0.00399076218189943 0.998578456872428 0.0531520393539834 1.02094952958688 0.99645269901995 0.000497018305590791 -0.0841532624956454 7.84236287001915
-0.0913745206730081 0.0483215460621783 -0.99464351662188 -33.8761897283434 0.00366132890188173 0.998831541505778 0.0481886538913756 1.10377345765359 0.995809867214847 0.000761498096724941 -0.0914446744113533 7.67657918418027
-0.0974164057882594 0.0464049845953327 -0.994161265232158 -34.9324014849707 0.0034939799235707 0.998922171898329 0.0462848419487378 1.13318109776233 0.995237577660526 0.00103532344361089 -0.0974735457330667 7.56165493741244
-0.103362392461893 0.0489955262254811 -0.993436285946131 -35.9750316054749 0.00376354376821435 0.99879813588394 0.0488683895076468 1.1680252058893 0.994636642982179 0.00131231271217948 -0.10342256171884 7.43592794159422
-0.109016377735732 0.0539542235556751 -0.992574617419711 -37.0108886497709 0.00227294299127571 0.998536797622531 0.0540286731643359 1.20379379784367 0.994037354990012 0.00363394472226136 -0.108979499586927 7.30082199989987
-0.114833764921995 0.0567627675609928 -0.991761662221653 -38.0869567193933 -0.000615482291185913 0.998361874335375 0.0572117912244066 1.25142578544544 0.993384531596597 0.00718025712440432 -0.114610716306279 7.16617748727711
-0.121761876036429 0.058683818453231 -0.990823019007854 -39.882227187449 -0.00399212450761586 0.99821363256152 0.0596121355954595 1.33047388494244 0.992551312772295 0.0112139743215323 -0.121310091475981 6.97150727749424
-0.123190615439649 0.0596463851181551 -0.990588906161349 -40.7585534612464 -0.00971373869992157 0.998071813384489 0.0613049639741054 1.37930160931427 0.992335485381869 0.017174518034968 -0.12237369154437 6.80921279878421
-0.124184105123342 0.0608231095497007 -0.990393284195436 -41.8373983707185 -0.0138284131703367 0.997916516023577 0.0630190608987163 1.42938339445879 0.992162830902219 0.0215215332184016 -0.123084282441033 6.65123200164796
-0.12537718541236 0.0603116575638699 -0.990274237441313 -42.9884516392619 -0.0153377929000634 0.997913374659605 0.0627188072625229 1.48342033586377 0.991990581349959 0.0230521286951385 -0.124190522486997 6.49040355038811
-0.126618025842501 0.0591670784327131 -0.99018540302384 -44.1834822085458 -0.0161949993796732 0.997963173120362 0.0617027316302252 1.55031536387253 0.991819337141014 0.0238487300558413 -0.125401916045504 6.33714555704913
-0.130036553544377 0.0590027617754086 -0.989752074433378 -45.8642810202175 -0.0152236480147658 0.997991343041462 0.0614940627656195 1.59835960033049 0.991392321577801 0.0230641131885408 -0.128877117439068 6.14200391423702
-0.129545006161839 0.0579947679083003 -0.989876102486463 -46.7936067780709 -0.0173244594112161 0.99800337513951 0.0607381784074487 1.64498028590218 0.991422187811347 0.0250173960557113 -0.128281625379293 5.96204021816006
-0.129598037162394 0.0556232774347449 -0.990005252395699 -47.8857186369992 -0.0217461444166202 0.998025784140344 0.0589206194304071 1.68906551445363 0.991328126286481 0.0291647938183826 -0.128132590838026 5.79339187796832
-0.129516745639875 0.050872429575621 -0.990271381242501 -49.046311101524 -0.0268519854575917 0.998136862949695 0.0547884449307234 1.72982364319007 0.991213591248547 0.0336867738142896 -0.127909412453281 5.61853244053613
-0.130996360711233 0.0498031468947966 -0.990131102450473 -50.6487360887019 -0.0286198603629261 0.998131136856357 0.0539920108038506 1.80571769268949 0.990969654970938 0.0354101708159086 -0.129326187330985 5.4428657186463
-0.12801057658448 0.0540396899267352 -0.990299451779678 -51.8497369150932 -0.0297349804780723 0.997856421103223 0.0582957442617972 1.85888666987242 0.991326950717309 0.0369090067014885 -0.126129306688937 5.26514800071418
-0.12536175115037 0.0573277443393634 -0.990453411866239 -52.9975083738836 -0.0299810715935546 0.997654277512281 0.0615392387631661 1.90768456994182 0.991657988771641 0.0374095213870533 -0.123348940064261 5.1007752355673
-0.123221471630187 0.0570331946672109 -0.990738958371651 -54.2038210049448 -0.0281146082679969 0.997745812632111 0.0609332600229542 1.96652587010194 0.991980865607411 0.0353625236817155 -0.121340241419045 4.93929538160261
-0.123359170870011 0.0559881829436316 -0.990781428132832 -55.6981053465367 -0.0275408663378071 0.99782944829988 0.0598154895233713 2.0286206869415 0.991979846389848 0.0346657680749749 -0.121549450349006 4.7745285743123
-0.118288292197432 0.0566272973532466 -0.991363318427448 -57.0016119854096 -0.0319783652769783 0.997637502143915 0.0608013031954282 2.08484234128925 0.992464238188575 0.0388942606372357 -0.116197987961305 4.59245929472953
-0.11254981007118 0.057493767066947 -0.991981354160144 -58.1292957713902 -0.0368883732365521 0.997394673050409 0.0619928551578954 2.13290527641648 0.992961121178923 0.043569862509751 -0.110135729479489 4.4500416095983
-0.106735949475565 0.0569164194856952 -0.992657019459631 -59.2752707570755 -0.0408203842183037 0.997267681923503 0.0615700156179357 2.18748003260465 0.993449109578251 0.047092375007544 -0.104120962799664 4.31445341741592
-0.101144857706882 0.0563331100055442 -0.99327554005752 -60.3820819506009 -0.0419567203793213 0.997265821765531 0.0608318531143956 2.23258920819796 0.993986595168399 0.0478274132211142 -0.0985047570938113 4.19263898030717
-0.0960028091122478 0.0552562970291462 -0.993846166306026 -61.9843926319096 -0.0416081861006347 0.997362499151203 0.0594710361124006 2.31118945958327 0.994511045434877 0.0470615227706698 -0.0934504873317066 4.01505969957158
-0.0899170498418778 0.055629086014322 -0.994394453392086 -63.0767622202835 -0.0395670165467041 0.997451110358229 0.0593778885337789 2.3497423881646 0.995162989338594 0.0446843063541127 -0.0874867842381104 3.92049802589823
-0.0842662475136839 0.0563856347367385 -0.994846651361554 -64.2343527541871 -0.0387441498992866 0.997457275549597 0.0598153350049685 2.40077388249147 0.995689756087981 0.0435849016117979 -0.0818673681813806 3.81441388068385
-0.078558992689298 0.0579563272599116 -0.995223366284265 -65.4041327331074 -0.0379709743640337 0.997410307396821 0.0610809610633736 2.45575762299312 0.996186071862827 0.0425880597013 -0.0761548908303977 3.71718947133269
-0.074041624170023 0.0589088564369552 -0.995513728947801 -67.0460012288055 -0.0388133622988233 0.997327203611842 0.0619029227326464 2.5322841001668 0.996499553836993 0.0432226279751001 -0.0715572751968709 3.57032454252942
-0.0685282532539964 0.058438186755732 -0.995936171064521 -68.2556816912993 -0.0381694245246415 0.997398481081096 0.0611503472482465 2.57978072873876 0.996918739686146 0.0422048369956053 -0.0661194237479468 3.48170604760765
-0.0635479394881808 0.0540333369407291 -0.996514956177706 -69.4050687278314 -0.0383878511430784 0.997661867881031 0.05654352536542 2.62803883259668 0.99724020790952 0.0418472923279712 -0.0613251323145247 3.40100968782231
-0.0593091535232164 0.0488072406226992 -0.99704577506309 -70.5579911957861 -0.03800689216972 0.997969392232808 0.0511132890164496 2.67456805290973 0.997515864764044 0.0409260971664508 -0.057333708363958 3.32874014040129
-0.0557667289907664 0.0481342866776255 -0.997282889848065 -71.9994603194843 -0.0379723030042155 0.99801239107994 0.0502928569029164 2.72992136288074 0.997721492272381 0.0406737961953067 -0.0538281168241672 3.23869691297988
-0.0524177326227169 0.0504640857175325 -0.997349365748726 -73.1819091925191 -0.037052797198452 0.997936377534423 0.0524411728820314 2.77464364741757 0.997937609034986 0.0397034311636443 -0.0504397266781851 3.16091641911182
-0.0502123493222975 0.0500960186825892 -0.997481382727362 -74.3375678258568 -0.0373750958687796 0.997947400153575 0.052000853219162 2.81729388390151 0.998038988308741 0.0398920473136561 -0.048236939960884 3.09511010354185
-0.0492427596302614 0.0500148138631185 -0.997533793421674 -75.5230929152529 -0.0389621281560888 0.997889036725066 0.0519559712975218 2.85850006137372 0.998026604451778 0.0414244949052853 -0.0471901263856878 3.02769912592541
-0.0485035498826203 0.0507637949269117 -0.997532176309818 -77.0136160897109 -0.0406005599600928 0.997782021880518 0.052750652535789 2.9140464772292 0.997997495076872 0.043058958842999 -0.0463349315705317 2.9537822986574
-0.0475167710921243 0.0504349892029051 -0.997596345386791 -78.1075961232473 -0.0411466266911226 0.997777917312851 0.0524040345276089 2.95458473949741 0.998022600734533 0.0435377949250106 -0.0453359552248285 2.89752115955954
-0.0464222116478918 0.0483511277993358 -0.997751044452598 -79.283740834131 -0.0415973568932566 0.997867905109433 0.0502921848004914 2.99651044164981 0.998055428403259 0.0438384807337575 -0.044311955968368 2.83532301680259
-0.045742615190145 0.0470289097146585 -0.99784562674124 -80.4862941582217 -0.0400829719538164 0.998000361034632 0.0488736609442511 3.04107594341532 0.998148770732558 0.0422322273364139 -0.0437660880053217 2.77677410673008
-0.0451264701813001 0.0471638781319658 -0.997867310963 -82.0635107619399 -0.0366944683973016 0.998132544411632 0.0488358451897775 3.08938297676787 0.998307125927696 0.0388199998185672 -0.0433115450667692 2.69829967563849
-0.0450651539191853 0.0478386016625524 -0.997837962844275 -83.1909363314158 -0.0345393416092359 0.998180944397109 0.0494149382646272 3.12984954738056 0.998386781655006 0.0366915580681449 -0.0433308640935224 2.64543886980572
-0.0451168860694595 0.050590959491643 -0.997699865394955 -84.3744537885683 -0.0341795836781841 0.998053936159666 0.05215454511146 3.17016053904234 0.998396826242442 0.0364540167047781 -0.0432999077955869 2.58887064745558
-0.0450483359309277 0.054074217228732 -0.997520238622232 -85.5749197810342 -0.0364891150540254 0.997778549506356 0.055736080123791 3.21375824531164 0.998318181699817 0.0389094484166951 -0.0429751429489205 2.5305526842365
-0.0440026117124592 0.0542078139353744 -0.997559663915312 -87.1185380276873 -0.0389539496737961 0.997674378644098 0.0559323162574556 3.26402666931322 0.998271686449783 0.0413200569392213 -0.0417886698429801 2.44521793473281
-0.0439008897563538 0.0521772889204766 -0.997672412367662 -88.2233030230172 -0.0399478640458033 0.997744837925178 0.0539389150042784 3.30691536313149 0.998236885732429 0.0422228482526921 -0.0417175148906506 2.38826198714868
-0.0437051170097615 0.0497892957345792 -0.997803031052431 -89.3968845934267 -0.0397979532219074 0.997877818053336 0.0515362314926106 3.34803520900876 0.998251464144436 0.0419629153821288 -0.0416308547368702 2.33170027926187
-0.0435086665963669 0.0491662565878001 -0.997842510190937 -90.9586974309212 -0.0378451037097763 0.997990330931072 0.050823690276144 3.40031500373995 0.9983359875594 0.0399747242796213 -0.0415605264952912 2.26017588927529
-0.0435329213700606 0.0508006131415947 -0.99775958149317 -92.0340987016023 -0.0361557591429106 0.99797202422122 0.0523889296760387 3.43969593212272 0.998397538978231 0.0383553982672469 -0.0416079029268828 2.20726351295214
-0.0431982733841019 0.053715607266634 -0.997621442588625 -93.205599266174 -0.0355157202662071 0.997839860141398 0.0552652433900982 3.47868913465172 0.998435046856131 0.037818607179152 -0.0411972105903309 2.15064183991603
-0.0425894756771368 0.0558805630405669 -0.997528695946044 -94.636902031495 -0.0360096931626291 0.997700041756951 0.0574275950785932 3.52990023585798 0.998443507946183 0.0383665134257308 -0.0404792797326403 2.08405807315876
-0.0422882219738141 0.0561177401973923 -0.997528197855796 -95.7635458084294 -0.0377065060189423 0.997620397324642 0.0577214192970545 3.56992479536835 0.998393672699371 0.0400542391883916 -0.0400715888991467 2.02469401786641
-0.04192611507571 0.0540183988193561 -0.997659367451462 -96.9289619189264 -0.037296620510816 0.997756782927055 0.0555910444363579 3.61378633759611 0.99842434013456 0.0395400393531156 -0.0398173619772024 1.96896274221526
-0.0416864963851407 0.0526780467268579 -0.99774107834256 -98.0821992440575 -0.0357238274913769 0.997892022537978 0.0541785889852253 3.65885342544704 0.998491884878639 0.0379016457176546 -0.039716760736437 1.91952523194502
-0.0417293763454654 0.0537466508485163 -0.997682292452054 -99.5588780586491 -0.0335957726008952 0.997911937017774 0.0551642095999065 3.71472328322145 0.998563960501864 0.0358198754883536 -0.0398365825194806 1.85798290295395
-0.0413249740982811 0.0565958117150356 -0.997541558338345 -100.634842156329 -0.0318345017430589 0.997812947550238 0.0579300112193834 3.75486012159094 0.998638478637063 0.0341501946908498 -0.039432894745751 1.80440980669739
-0.0411198391339842 0.059297092368888 -0.997393108892472 -101.790636170403 -0.0305093219046292 0.997697395465625 0.0605730002396104 3.79750191915907 0.998688309787651 0.0329205394503749 -0.0392160423268506 1.7519610680316
-0.0407299344094378 0.0609779059097449 -0.997307759637849 -103.314404201735 -0.0305610759302046 0.997592989536008 0.0622434564159096 3.86330695313333 0.998702705053407 0.0330139700653113 -0.038768346618544 1.6903759146733
-0.040555180078067 0.0627677872922253 -0.997203831845463 -104.326195426443 -0.0331756052624244 0.997390037095533 0.064128723034554 3.90952886735662 0.998626384882909 0.035683592602325 -0.0383669732280765 1.64414065836981
-0.0402661209651221 0.0619528998481363 -0.997266502848075 -105.484435942695 -0.0352332943576015 0.997367218387419 0.0633817533273774 3.95941531202329 0.998567601352624 0.0376891215942837 -0.0379773043055787 1.58858789170351
-0.0401336063407247 0.0579910589997137 -0.997510065472113 -106.628330386411 -0.0377058105115022 0.997515423460381 0.0595084179955089 4.00595290898642 0.998482631544364 0.0400002129337987 -0.0378472914419556 1.5291383862686
-0.0395180273279248 0.0561104921612267 -0.99764218945749 -108.138978656403 -0.0386822400310594 0.997587765796056 0.0576396897997649 4.07053762903754 0.998469834207468 0.0408688414743865 -0.0372522210646906 1.45957407902694
-0.0396473756652016 0.0544581588469952 -0.997728617680108 -109.213807284674 -0.0383850484433919 0.997693665669688 0.0559815821371488 4.11587806808444 0.998476175809349 0.0405173841403332 -0.0374655564961184 1.41388686975636
-0.0396338758163168 0.0548164667208116 -0.997709532310894 -110.381224105148 -0.0370116040690134 0.997728333222638 0.0562877806367836 4.16488193392546 0.998528565966951 0.0391577330935057 -0.0375149954946339 1.36632020728753
-0.03940470322661 0.0569491805292356 -0.997599148055306 -111.572936241463 -0.0370507080249054 0.997604715466615 0.0584129841184985 4.214722494647 0.998536185823266 0.0392635010642616 -0.0372003102903824 1.30816396477219
-0.039055046322888 0.0590862598495999 -0.997488605074616 -113.045016618433 -0.0361797738869455 0.997512037399785 0.0605042081513294 4.2713351070509 0.998581858095873 0.0384519068384841 -0.0368201513071034 1.24366198297017
-0.0396008347298575 0.0578341836865047 -0.997540465888986 -114.120315412656 -0.0394987126882039 0.997452671744488 0.0593971323024676 4.3252086371195 0.998434587534243 0.0417537402767436 -0.0372155825996181 1.18646233969575
-0.0399615319653828 0.0588992337212286 -0.997463761863073 -115.29049812669 -0.0434788637421448 0.997213134688517 0.0606263343143384 4.37758453911424 0.998254809340116 0.0457913121864181 -0.0372892928006727 1.1281602043512
-0.040151255183019 0.0579902359236088 -0.997509403085882 -116.475959925698 -0.0468969509923509 0.997104873026592 0.0598543914365998 4.43057357168642 0.998092456987252 0.049183378535323 -0.037315446948978 1.06734888897367
-0.0403302363578226 0.0542286518965857 -0.997713749203047 -117.920450543443 -0.0480529530446934 0.997265491246416 0.0561467156005513 4.4859392740785 0.99803025291772 0.0502075022533847 -0.0376141061102044 1.00381756061262
-0.0412010075361131 0.0501455848648355 -0.997891726239161 -119.026203318987 -0.0475046424461733 0.99751198592277 0.0520878765786545 4.53802783250504 0.99802093461213 0.0495505626504432 -0.0387163507701089 0.952103784158964
-0.0417243693669358 0.0492854114731903 -0.997912834478468 -120.211098922448 -0.0439437527731035 0.997725590657797 0.051113524030015 4.58286811962721 0.99816232326869 0.0459847144437028 -0.0394636851343515 0.89945220782306
-0.0424353869018128 0.0487777366906719 -0.9979077965132 -121.419707044384 -0.0391113078263133 0.997960799746035 0.0504435106864145 4.62463246035345 0.998333382963131 0.0411700689043694 -0.0404410915752857 0.849779524357401
-0.0425145579315771 0.0507476014100511 -0.99780619025691 -122.94021325572 -0.0391351580025513 0.997858117479907 0.0524177144443737 4.68107063347902 0.998329079899007 0.0412778188690141 -0.040437481343661 0.782838186005009
-0.0436378942015925 0.0546825636880955 -0.997549773905116 -124.09427060927 -0.0377942155861187 0.997695827573591 0.0563438808609919 4.73022849005827 0.998332275075729 0.040160339524773 -0.0414706603681971 0.725334660024675
-0.0441195145562001 0.0548202210324222 -0.997521033262599 -125.332410868549 -0.0361720079577423 0.997750938220072 0.0564327132191211 4.78135866532072 0.998371200644145 0.0385721226655069 -0.0420373295708329 0.664584267444703
-0.0443089808811252 0.0505284152817869 -0.997739241216054 -126.810384981654 -0.036553224714715 0.997969360275552 0.052163375218255 4.83816609788457 0.998348924963728 0.0387818926861002 -0.0423720287861247 0.597460867114393
-0.0455645981052173 0.0468070218781334 -0.99786420423944 -127.986457269538 -0.0364701820926949 0.998157815125951 0.0484861002877486 4.88854897660466 0.998295443852989 0.038601538905695 -0.0437735990806836 0.536197467832076
-0.0463557924751596 0.0453444307630817 -0.997895296663318 -129.236670264569 -0.0356106265884952 0.998259211592765 0.0470152075840001 4.93430751651726 0.998290049924357 0.0377151039898335 -0.0446603532572387 0.471820944453688
-0.046803263579245 0.0466658977954257 -0.997813483824146 -130.4907715774 -0.0373430583845364 0.998128156062575 0.04843222135741 4.97533051029978 0.998205865795639 0.0395281932052419 -0.044973007828121 0.403409991395494
-0.0469846509580181 0.0511393359346589 -0.997585691003292 -131.984977947187 -0.0426454260990331 0.997675389703788 0.053152463839668 5.02545068760347 0.997984874738683 0.0450398168241992 -0.044694571183282 0.324371767786232
-0.0472239557240641 0.0542220807367387 -0.99741158202938 -133.239500306654 -0.0480594693476565 0.997245874626572 0.0564885204825281 5.077631358777 0.997727510601864 0.0506026827437234 -0.0444880106022374 0.245340203298856
-0.0471780296849742 0.0537635847529345 -0.997438574785214 -134.514502024618 -0.0556270815047868 0.996859461184278 0.0563634850825506 5.13243104931567 0.997336383232009 0.0581437150679687 -0.0440391539404583 0.163499201460505
-0.0466926853951655 0.0516681760754831 -0.997572149125877 -135.767610214824 -0.0589471734427318 0.996778498575442 0.0543861703082704 5.1800878000121 0.997168503249928 0.0613434948362137 -0.0434965719060574 0.0868755667737133
-0.0473829745312331 0.0503838396824766 -0.997605293903066 -137.306802715067 -0.0608778263296885 0.996724819057182 0.0532308682702107 5.23437088636356 0.997019931589106 0.0632542787033316 -0.0441605280740216 0.00812377099120454
-0.048056097166038 0.0499154533556046 -0.997596641454587 -138.543467771173 -0.0609856270596763 0.996740594964423 0.0528104122508657 5.27629127199436 0.996981125607354 0.0633769190342412 -0.0448553376580851 -0.0673645754777359
-0.048193579747835 0.0491451529168202 -0.99762825381796 -139.798641598168 -0.0587665147231177 0.996919146867564 0.0519491227659035 5.31821104335117 0.997107755269403 0.0611307496570399 -0.0451570130542494 -0.13788771079505
-0.048917698225653 0.0497166553786153 -0.997564691124474 -141.235714775449 -0.0587026936119202 0.996890798166887 0.0525616808415827 5.36936305539103 0.997076252130703 0.0611309308627915 -0.0458471016405577 -0.200136863253192
-0.0493768977648248 0.0548455825439863 -0.997273224368595 -142.490989531972 -0.0586357394724774 0.996609825577023 0.0577122657660539 5.41757795661601 0.997057557026493 0.0613255056134612 -0.0459935901796711 -0.277397250825829
-0.0497526701307027 0.0590748970914958 -0.997012952949206 -143.753615759488 -0.0573075056687553 0.996435740701624 0.0619004397919111 5.46684476772871 0.99711610237168 0.0602160376148714 -0.0461899037136184 -0.348964839651983
-0.0501249672445077 0.0576001689364317 -0.997080592628917 -145.235675929235 -0.0578857130366635 0.996489784774925 0.060476053653161 5.52852672159681 0.997064056059075 0.0607480812677856 -0.0466147909714121 -0.416968293101917
-0.0488207807929513 0.0562618283277269 -0.997221709569135 -146.444668675565 -0.057802217603425 0.996579831378803 0.0590554259075621 5.58618855612222 0.997133609403922 0.060524758258242 -0.045401747046655 -0.499949178782475
-0.0474941333466177 0.0557624402168323 -0.997313821000551 -147.710286528746 -0.0568355986770398 0.996672101178496 0.0584331879625285 5.63639450411155 0.997253238661413 0.0594581617064127 -0.0441667860028088 -0.571627951225621
-0.0464461523134727 0.0551449598388131 -0.997397507686705 -148.963278701651 -0.0570047061662399 0.996701623053188 0.0577610429099108 5.68573298938479 0.997292945132058 0.0595391300533994 -0.0431494331632531 -0.640371825087362
-0.0462746829842062 0.0571470508595796 -0.997292769598158 -150.48621297966 -0.0570064957388931 0.996584171013279 0.0597515650786442 5.74595525738154 0.997300813776006 0.0596171507523507 -0.0428588634694007 -0.697071040169106
-0.0449291506524316 0.0608910761337519 -0.997132713468436 -151.656205076911 -0.0580708691167728 0.996293660257939 0.0634564156714016 5.79820977886159 0.997300930302221 0.0607554061554417 -0.0412266302432489 -0.774542020074823
-0.0432426204322118 0.0619432711247799 -0.997142470733505 -152.904058855611 -0.0596470230962786 0.996135626132509 0.064467410257789 5.85309555531971 0.997282461699747 0.0622643197341469 -0.039380783056413 -0.843910288692853
-0.0429735682534156 0.0591834715898298 -0.997321707936885 -154.393803813101 -0.0617600749837732 0.996177357388962 0.0617767412829758 5.91538742873596 0.997165465491845 0.0642494304731243 -0.039154120017074 -0.901107056820592
-0.0424225024225799 0.0560684071448014 -0.997525270360832 -155.574293637113 -0.0605563427210884 0.99644416075842 0.0585829654993225 5.97145147872037 0.997262884421381 0.0628917181407338 -0.0388763571448536 -0.962980401826803
-0.0421676292317894 0.0546712349280869 -0.997613626168172 -156.827484253068 -0.0576061829345996 0.9967076212501 0.0570565108438369 6.0202521477059 0.997448454173286 0.0598746508416154 -0.0388793962648453 -1.02260463133289
-0.0421787605517128 0.054150294791873 -0.997641567764833 -158.083101695187 -0.0564411064679633 0.99680647298448 0.0564912109704992 6.06974130925521 0.997514588193573 0.0586907232038818 -0.0389877589867902 -1.08590838528558
-0.0432386974605676 0.0545346060779591 -0.997575256199669 -159.582773010181 -0.0536530039860916 0.996941432487622 0.0568254815447905 6.12357511896635 0.99762306018114 0.0559799690018735 -0.0401805035479565 -1.13225384496371
