0.999999999722421 1.82146707578585e-05 -1.49460446801795e-05 0.000180295217896157 -1.8214594077908e-05 0.999999999820953 5.13057112557367e-06 -5.9208143170752e-05 1.49461381291673e-05 -5.13029888801261e-06 0.999999999875147 0.000463053104846269
0.99999741339478 -0.00178719719170895 -0.0014068155345514 -0.00416767096867632 0.00178601322256886 0.999998050255887 -0.00084240203844051 -0.0109605607441384 0.00140831833017849 0.000839887268332576 0.999998655613525 0.57020519970176
0.999994145470405 -0.00233404811756273 -0.00250224784938205 -0.0103294459819236 0.0023282785979467 0.999994630327013 -0.00230617343453338 -0.0240307819709059 0.00250761713289301 0.00230033400285828 0.999994210143134 1.14177615627594
0.999987125496161 -0.00259348497222815 -0.0043614994697542 -0.0183037748362563 0.00257763071797599 0.999990064893459 -0.0036367477582468 -0.0377148212281419 0.00437088798845108 0.00362545860191415 0.99998387556406 1.70891004292051
0.999968736851333 -0.00475881950563684 -0.00631497876971982 -0.0222034744313737 0.00472462947164887 0.999974161051101 -0.00541803529911643 -0.0493483168431409 0.00634059904936976 0.00538802997946514 0.999965382369128 2.26695637441044
0.999942379321686 -0.00714226262302845 -0.00801412010824373 -0.0259864219310235 0.0070831538266516 0.999947681767052 -0.00737988215130748 -0.0609771898776628 0.00806640988009267 0.0073226916719801 0.999940653848179 2.84546603278065
0.999919159713294 -0.00833270170224426 -0.00960417204145475 -0.0302317817058012 0.00825450334739554 0.999932691937891 -0.00815320601549352 -0.0722086845685313 0.00967146383689052 0.00807326923771651 0.999920639406482 3.41866273737972
0.999902972578873 -0.00846250981223357 -0.0110648703387 -0.0392309544156463 0.00838080326403228 0.999937425403026 -0.00740995377969542 -0.0885795918626835 0.0111268847654669 0.00731650230953883 0.999911326683207 3.9868321590034
0.999885290340872 -0.00886890843464474 -0.0122779730871175 -0.0492305998743196 0.00877069663892587 0.999929295352384 -0.00802989268631529 -0.102810338947761 0.0123483213603319 0.00792128520277441 0.99989238030916 4.60647020512091
0.999875169558206 -0.008309135723847 -0.0134388825603854 -0.0624418787219947 0.00816549794521567 0.999909327485943 -0.0107080086811508 -0.119443397724386 0.0135266383205814 0.0105969368277636 0.999852356593519 5.20567467612019
0.999870911452168 -0.00649326624484614 -0.0146968678732963 -0.0781558271584098 0.00627952408215408 0.999874525022294 -0.0145431010703948 -0.136083698477625 0.0147894560114033 0.0144489343868541 0.999786227293601 5.80640859419927
0.999859198713483 -0.00503218443352567 -0.0160081188107438 -0.0946979913318262 0.00474054607210427 0.999823051052069 -0.0182042250005197 -0.152411608815047 0.016096893208634 0.0181257745974695 0.999706129982342 6.41598723277226
0.999846526750989 -0.00317257047252301 -0.0172295600808784 -0.113228880543391 0.00285787549317264 0.99982920911252 -0.0182588376710856 -0.16426740595163 0.0172845448782791 0.0182067954904318 0.999684828886745 7.04494704048501
0.999830530392536 -0.000554209269359461 -0.0184011778717088 -0.131714912125802 0.000344433772247526 0.999934943458198 -0.0114013252136524 -0.177549914842631 0.0184062994748277 0.0113930550484357 0.999765675764229 7.69174513663371
0.999817704556183 3.10328765799416e-05 -0.0190933677743445 -0.147889845459708 -4.39324780208918e-05 0.999999771095983 -0.000675187321916239 -0.192666301261818 0.0190933424507911 0.000675903057303822 0.999817477057245 8.3586803784207
0.99979924560352 0.00106096709939274 -0.020008569150415 -0.169431291443913 -0.000942292758606439 0.999981916031156 0.0059396712883855 -0.203329613306584 0.020014509111892 -0.00591962494344019 0.999782165006727 9.07023359413892
0.999769318317785 0.00324973261723203 -0.0212308593398408 -0.194308000028332 -0.00314379690569821 0.999982452007545 0.00502117695297809 -0.218376141504249 0.0212468042634023 -0.00495327314953397 0.999761990872677 9.76118914284715
0.999744380411909 0.00539442477819183 -0.0219561840063282 -0.219640215257819 -0.00544684072340455 0.999982455564208 -0.00232819456035871 -0.224231025907642 0.0219432395270428 0.00244719126540043 0.99975622303338 10.4618077997509
0.999718570981484 0.0049643746793326 -0.0231977114988111 -0.239219176361134 -0.00515877224642647 0.999952016959445 -0.00832771563200464 -0.225028861342219 0.0231552565014593 0.00844504368142852 0.999696211523066 11.1685341288774
0.99969806225559 0.00315269072036323 -0.0243689323450886 -0.258961434878032 -0.00331709836765543 0.999971991808831 -0.00670913230593091 -0.230591727433362 0.0243470979962103 0.00678794071135892 0.999680520306394 11.9028869628462
0.999698760159577 0.00203120096476258 -0.0244594185957974 -0.275350488876409 -0.00196424212079497 0.999994258573016 0.00276126309765188 -0.245157579992302 0.0244648868440994 -0.00271238707494096 0.999697010232631 12.6563581725436
0.999679540835396 0.00154106419187597 -0.0252673852285431 -0.301728009974472 -0.00128801367317305 0.999948887554896 0.0100281253733954 -0.24618602092204 0.0252815477356273 -0.00999236703105603 0.999630429681494 13.46825609014
0.999665344367625 0.000718675869412447 -0.0258589012789195 -0.325280681829386 -0.000395335988475233 0.999921706924696 0.0125069472797797 -0.249909665220745 0.0258658651472244 -0.0124925388051307 0.999587361611974 14.2593135742176
0.999663236776443 -0.00119204025375215 -0.0259228099880768 -0.349532386305229 0.00149122816174162 0.999932470434668 0.0115252248997802 -0.251550572087834 0.025907320899972 -0.0115600004521765 0.999597507556582 15.0661177633688
0.999672104223747 -0.00170109143076352 -0.0255497617368424 -0.372345968044218 0.00193249956701247 0.999957314433676 0.00903519540542431 -0.250940624123067 0.0255333014373138 -0.00908160770650697 0.999632720012294 15.8937732057719
0.999697703548726 0.000991946646151148 -0.0245665944171167 -0.39782490955303 -0.00085123608007854 0.999983178017601 0.00573751505058359 -0.256489393790927 0.0245718724671094 -0.00571486864861216 0.999681731032327 16.7393946801192
0.999715928946832 -0.00218369369489404 -0.0237337921921579 -0.422068321096792 0.00218874094091809 0.999997587277884 0.000186685578522367 -0.260978796149933 0.0237333272649918 -0.000238579669207683 0.999718296449892 17.605344592151
0.999720630209512 -0.00511385542698404 -0.0230761785434246 -0.441676788343199 0.00497509438838248 0.999969222034053 -0.00606658226997446 -0.272545979465832 0.0231064919302518 0.00595008128378002 0.999715302755436 18.4729590737605
0.999750103298716 -0.00390789853522039 -0.0220104357804536 -0.467778260285742 0.00365658799932158 0.999927801047611 -0.0114464866352737 -0.285447593359035 0.0220535783584041 0.0113631431006877 0.999692211963494 19.3628696662806
0.999759850030114 -0.00271232097218211 -0.0217459325554712 -0.48899237776114 0.00244606323751298 0.999921835736149 -0.0122612883779389 -0.304956073220922 0.0217774893502747 0.0122051519037148 0.999688339046028 20.300651349861
0.99975036329463 -0.00263634163928028 -0.0221869510076578 -0.515331869958307 0.00237891277579572 0.99992964268568 -0.0116211209654681 -0.32641650468614 0.0222160272384683 0.0115654390859095 0.999686295170885 21.2292160873452
0.999750887282177 -0.00109703680176408 -0.0222925971738418 -0.544378637685224 0.000808565961288685 0.99991588171681 -0.0129451037686096 -0.350869270124288 0.0223049232140765 0.0129238539433638 0.999667676980538 22.1717538789979
0.99975336559033 0.00165507248377365 -0.0221465285289064 -0.574983745015257 -0.00198711726869223 0.999885826634141 -0.0149794880126371 -0.374395812771029 0.0221192078467714 0.0150198013047354 0.999642509206665 23.1201572447122
0.999742691378467 0.00530327940250781 -0.0220550734053923 -0.603418136474772 -0.00565234830807683 0.999859273896687 -0.0157950423042966 -0.398885218486757 0.0219682041583395 0.0159156410605817 0.999631977467552 24.1158207282581
0.99972843040461 0.00675005900075585 -0.022304756089686 -0.631476012450047 -0.00710245379091379 0.999850611952605 -0.0157578211739391 -0.426365580980678 0.0221950578030787 0.0159119603282632 0.999627024908605 25.0942603839979
0.999718969490653 0.00733439469056656 -0.0225430409454998 -0.660364327972469 -0.00769214991902274 0.99984519847317 -0.0158243457928042 -0.455876257437065 0.0224234892505776 0.0159933031194294 0.9996206287313 26.0775672753995
0.99971410315143 0.00741879192578692 -0.0227304528440002 -0.688896482938829 -0.00777625549644017 0.999846847471335 -0.0156783753012772 -0.485502742401838 0.0226106570135748 0.0158506507120526 0.99961868483008 27.0787385756857
0.999701347361809 0.00864609557457984 -0.0228574083023039 -0.720194203998247 -0.0089815666677968 0.999852855839997 -0.014614996708682 -0.514121500531834 0.022727682309794 0.014815927237878 0.999631902630617 28.1091527948635
0.999687012817975 0.00907645440996876 -0.0233129658863519 -0.746964409217659 -0.00937411132189515 0.999875531161572 -0.012690477583138 -0.541385756103547 0.0231948796073436 0.0129050439637829 0.999647666630745 29.1175133779477
0.999675144823052 0.00961941719208221 -0.0236023650487593 -0.777288115594124 -0.00989277431649856 0.999885021484491 -0.0114924682850087 -0.569869369350654 0.0234891004368632 0.0117222277679534 0.999655366382246 30.1404615761538
0.999674513642916 0.00937238308254494 -0.0237281522279476 -0.808022747266674 -0.00967116100303131 0.999874996235182 -0.0125084191066414 -0.599282784235449 0.0236079524239624 0.0127338265673744 0.999640192390892 31.1695311354359
0.999657637387314 0.0111140124520844 -0.0236872695857513 -0.845345515749643 -0.0114331785109362 0.999845095716406 -0.0133815918704669 -0.629326031175305 0.0235348771475487 0.0136478312953228 0.999629854625493 32.232555341347
0.999651641616213 0.010586825410972 -0.0241767355473936 -0.872926745798832 -0.0108934906182693 0.99986142710982 -0.0125880276479093 -0.652610648624222 0.0240401180562967 0.0128470115448087 0.999628444482352 33.2759453212882
0.999645657846835 0.00980689949517632 -0.0247463829732697 -0.904100588868676 -0.0100545666256916 0.999900406117452 -0.00990371324929577 -0.679617122424799 0.0246467936644455 0.0101490181025683 0.999644703378963 34.3368046974435
0.999630942994707 0.0104050283090342 -0.0250940868214147 -0.939295240261383 -0.0105637205599342 0.999924983351365 -0.00619963528799381 -0.705769530921844 0.0250276969664435 0.00646243419004866 0.999665869842967 35.3930184409388
0.99961561781087 0.0105514499149399 -0.0256375414828495 -0.974033340467441 -0.0106517369562026 0.999936130390987 -0.00377831159586189 -0.7337665199904 0.0255960373575321 0.0040499436282585 0.999664164021198 36.4990953148117
0.999601093965898 0.0106147404554183 -0.0261721269147934 -1.00578128137016 -0.0107087644349583 0.99993669073138 -0.00345498096270049 -0.750518583555483 0.0261337962503827 0.00373387389183912 0.999651480706803 37.5642941509569
0.999592849388598 0.0102090653922084 -0.0266441444786978 -1.04112493252692 -0.0103447210704669 0.999934197733745 -0.00495852281894715 -0.770752520508826 0.0265917693499013 0.00523213019614311 0.999632683847648 38.654512939254
0.999569017164916 0.0107328516918637 -0.0273237226329892 -1.08062183137409 -0.0108858869279207 0.999925849789216 -0.0054582404771449 -0.792952539201103 0.0272631140876569 0.00575333102422208 0.999611735521532 39.742081548757
0.999553574887776 0.010322785827072 -0.028037314811445 -1.11541151552939 -0.0104418164817724 0.999937067627311 -0.00410234731050403 -0.819083888389594 0.0279932027040254 0.00439327641554834 0.999598459244865 40.8692939388071
0.999529421346583 0.0104631624796441 -0.0288350150596544 -1.15174127464158 -0.0105305628374948 0.999942161383902 -0.00218658025592208 -0.837983305759226 0.0288104687377957 0.00248920023593546 0.999581792938074 41.937484409273
0.999511297484207 0.0105644207387694 -0.029420387759019 -1.19123770786475 -0.0105588144311804 0.999944194334129 0.00034591224000297 -0.859738374457978 0.029422400297132 -3.50987769801849e-05 0.999567066848859 43.0310026805838
0.999482675232639 0.0119337995927663 -0.0298658054819657 -1.23472059268087 -0.011934156195472 0.999928771590451 0.000166317506821133 -0.882282686677943 0.0298656629879365 0.000190191720869753 0.999553903499656 44.1224218646189
0.999460447311353 0.0129175266116378 -0.0301985391439488 -1.27592224568749 -0.0130265121343922 0.999909319723106 -0.0034150128092908 -0.911841033606806 0.0301516872132143 0.00380655186654735 0.999538086278399 45.2409920335421
0.999440647361913 0.0141303762632579 -0.0303104745502232 -1.31411582149021 -0.0143624852052183 0.999869072085843 -0.00745370410771286 -0.931492145404384 0.0302011824194163 0.00788486860094741 0.999512740002655 46.3281771338419
0.999434751970257 0.014635628620094 -0.0302650777141802 -1.35622033161282 -0.0148777201632903 0.999858979642096 -0.0077893691534321 -0.956327857201337 0.0301468074079745 0.00823524158481699 0.999511556110857 47.4079625117179
0.999433084813056 0.0151691981603781 -0.0300566865810137 -1.39816733689121 -0.0153265575163311 0.99986998001227 -0.00501195620103012 -0.983662504027834 0.0299767512542087 0.0054697803825777 0.999535630123714 48.5043796080133
0.999431029382896 0.0158609718319137 -0.0297665429499579 -1.44136954368796 -0.0159545709925605 0.999868484424059 -0.0029095566634854 -1.01178955530009 0.0297164797896351 0.00338281363393328 0.999552643636557 49.6481149730016
0.999454403358553 0.0142890379221445 -0.0297778273629518 -1.47696276720798 -0.0143478549044599 0.999895510958389 -0.00176244855294079 -1.03196985265166 0.0297495322121006 0.00218873491330327 0.999554988368644 50.7443165133297
0.999464770198041 0.0142940885706377 -0.0294253660115296 -1.51921877980798 -0.014378477355508 0.999893090725934 -0.00265829032966796 -1.05654123667368 0.0293842223295914 0.00307995949233557 0.999563445373835 51.8441013135889
0.999484502505292 0.0137675579313583 -0.0290031653506191 -1.5627426662773 -0.0139027232754238 0.99989338840026 -0.00446386816259036 -1.07939148270005 0.0289386167132372 0.00486479003171686 0.999569352411663 52.9460885244702
0.9994894130297 0.0137020018066814 -0.0288646563817376 -1.59056943711276 -0.0138953751048481 0.999882266179012 -0.00650940330741391 -1.10592914010051 0.0287720661795717 0.00690716491859751 0.999562133776858 54.0507192419768
0.999509634249541 0.0126688661016458 -0.0286354827800592 -1.63460815851971 -0.0129347266673854 0.99987476769681 -0.00911821086016134 -1.13264663954631 0.0285163793001238 0.00948413174459875 0.999548331676194 55.1542345612299
0.999530560564774 0.0113418232631713 -0.0284608773957624 -1.67338257534278 -0.011700121346832 0.999853987545304 -0.0124543466397734 -1.16488531755104 0.0283154667547444 0.0127814957974885 0.999517317362556 56.2523047177236
0.999554334161954 0.00976036121746432 -0.0282111397670868 -1.70967036239489 -0.0101614766104573 0.999848813103992 -0.0141101143734835 -1.19774941574408 0.0280691547993276 0.0143904928144339 0.999502394327002 57.3381469317112
0.999569189811922 0.00791257369062816 -0.0282635092713013 -1.73248794732581 -0.0082445988314067 0.999898143002923 -0.0116503308715092 -1.23398658445749 0.0281684463335791 0.0118783330857849 0.99953261269168 58.4488193585833
0.999592079067624 0.00671660870344116 -0.027759009938948 -1.77284126964712 -0.00688370195784618 0.999958734384851 -0.00592825225524879 -1.25999323383733 0.0277180466956331 0.00611691874812607 0.999597065418065 59.5407657822584
0.999606603579768 0.00556261883752467 -0.0274899136300695 -1.8083159299295 -0.00556411483940788 0.999984519949597 2.20732361899516e-05 -1.28510837604871 0.0274896108698204 0.000130892483705259 0.999622080669181 60.6429766407357
0.999618391448597 0.00389226722071168 -0.0273481577734787 -1.84317733400196 -0.00387329409777829 0.999992219984238 0.00074670196625413 -1.30805261904921 0.0273508513679671 -0.000640489560309333 0.999625690297409 61.7440429877979
0.999624832862885 0.000475529213078774 -0.027385532600553 -1.86608486900942 -0.000533879444681488 0.999997603020287 -0.00212342327834043 -1.33041772802079 0.0273844572081863 0.0021372472126453 0.999622690657713 62.8840111283251
0.999631765661941 -0.000824865520663071 -0.0271229179194226 -1.90659202287811 0.000677577753208931 0.999984978302408 -0.00543912289995645 -1.34989110838952 0.0271269970320946 0.00541874214235145 0.99961730840638 63.9569807399273
0.999629444885916 0.00110297534669718 -0.0271984625017709 -1.94622953550235 -0.00135862846366723 0.999955057066536 -0.00938285541602602 -1.37991382548284 0.0271868910648749 0.00941633115628979 0.999586017139987 65.0484077326146
0.999632743833262 0.00138815255569033 -0.0270638225102405 -1.98133491022144 -0.00175942995808556 0.99990460807421 -0.0136996043075016 -1.40789371234324 0.0270422236993606 0.0137421899434427 0.999539829297938 66.1332567138483
0.999637329534526 0.00427770244142421 -0.026587791613903 -2.01630467119994 -0.00466068378594971 0.999886039681079 -0.0143591670209368 -1.44018340972783 0.026523337416869 0.0144778766644287 0.999543347564057 67.3285316400053
0.999638853680021 0.00829200844079981 -0.0255617841574151 -2.06046868296359 -0.0085664634191389 0.999906632887075 -0.0106461830212101 -1.4723796401202 0.025471119287953 0.0108613122803026 0.999616553473265 68.4089252810972
0.999628079783162 0.00988201384211434 -0.0254174725622361 -2.09931633211115 -0.0101032664820368 0.999912054616173 -0.00859110235399362 -1.50241071625125 0.0253303398204745 0.00884470664793937 0.999640007727227 69.519310760274
0.999631162415811 0.00942860492404823 -0.025468422338259 -2.13320296418785 -0.00963141526590002 0.999922785555562 -0.00785230964634265 -1.52971912670948 0.0253924194827808 0.00809471037112949 0.999644787260364 70.6351355273054
0.999643372187159 0.00755203602622503 -0.0256143552357497 -2.16478709186632 -0.00773350792832523 0.999945643041807 -0.00699312639885141 -1.56304671429407 0.025560150574813 0.00718872127477347 0.999647438344653 71.7910589408622
0.999645113201919 0.0066982787117226 -0.0257833417892917 -2.19995930206605 -0.00684417775077613 0.999961039929822 -0.00557457203605917 -1.5883832109847 0.0257449972312901 0.00574905946825354 0.999652011168282 72.9023487876399
0.999647694926334 0.00520625494471951 -0.0260265429497916 -2.23508030921207 -0.00529805584666265 0.999979981062411 -0.00345949109930953 -1.61550014143703 0.0260080109334106 0.0035961623810865 0.999655266070967 74.006155248634
0.999633672347894 0.0040497913814149 -0.0267604241003357 -2.26595547060979 -0.00409974042827766 0.999989954477691 -0.00181192497791877 -1.64101913874689 0.026752817359739 0.00192097201225782 0.999640233598991 75.1017703766872
0.99962124827892 0.00251889129740048 -0.0274046560993915 -2.30040366806956 -0.00260323895912763 0.999991982781945 -0.00304261708993468 -1.67170584668681 0.0273967723685786 0.00311280556189471 0.999619791373359 76.2565494641789
0.999603519725407 0.00360956874768177 -0.0279244402993811 -2.33832945363841 -0.00380033690161202 0.999969783680481 -0.00678153120221189 -1.69569920540971 0.0278991181224817 0.00688496473978528 0.999587032963373 77.3272272120645
0.999583821710346 0.00411459647482956 -0.0285526438493489 -2.37830135643111 -0.00436799769264894 0.999951578904766 -0.00881818813720587 -1.72338489135439 0.0285149780132382 0.00893923608120207 0.999553393314829 78.4154584656584
0.999559884322514 0.00590421097082332 -0.0290719443101687 -2.42234492525107 -0.00611101862634707 0.999956616703128 -0.00702994758031192 -1.75420327391054 0.0290291767797501 0.00720451278335348 0.999552600862528 79.4888496706297
0.999533180089606 0.00701350921993216 -0.0297360486342965 -2.45929068934146 -0.00709998902346098 0.99997086440257 -0.00280365865336056 -1.783872903202 0.0297155187709394 0.00301347546858383 0.99955385393173 80.6525503812042
0.999504271257502 0.00842804873082754 -0.0303344644356963 -2.49478605452687 -0.00839682566200208 0.999964077228034 0.0011565346028626 -1.80236176169147 0.0303431220676395 -0.000901248066001526 0.999539135149351 81.7002760531613
0.999477018784173 0.00944992395112 -0.0309255211697379 -2.53570280243672 -0.00939679868475374 0.999954114146831 0.00186273328841395 -1.82594179140247 0.030941704813731 -0.0015711582172409 0.999519955961399 82.7856857314601
0.999458742574495 0.0092378227346615 -0.0315734781506976 -2.57499127141384 -0.00925034200494183 0.999957183303912 -0.000250462967446526 -1.84566739159241 0.0315698125461843 0.000542392873685092 0.999501402072938 83.8556563630364
0.999444673895126 0.00936080608814133 -0.0319799801758093 -2.62107210916515 -0.00939837242554928 0.999955309434224 -0.00102456334859463 -1.87268221365301 0.0319689602335705 0.00132455414567499 0.999487984489008 85.0011271451097
0.9994315348145 0.00870650444948887 -0.0325699861621636 -2.65733003698437 -0.00875092482404356 0.999960963811477 -0.00122154326385848 -1.89108441797405 0.0325580793821816 0.00150586635946562 0.999468710782609 86.0167867215103
0.999414470063012 0.0076373306606068 -0.0333524843010097 -2.69752559416436 -0.00767161619968936 0.999970167594594 -0.000900125394141554 -1.91465568911418 0.0333446147609056 0.00115546580263975 0.99944324579499 87.0629828872559
0.99940307062833 0.00639023111296661 -0.0339509552882965 -2.73731779977047 -0.00637395476886947 0.999979513492323 0.000587619147214009 -1.93826260422821 0.0339540147739474 -0.000370866526718169 0.999423327393728 88.0943869308176
0.999378428792719 0.00571027436367624 -0.0347871934839244 -2.78216818534828 -0.00559514878139676 0.999978546929731 0.00340587586635936 -1.96716381154596 0.0348058956774636 -0.00320911934875547 0.999388938891708 89.221156843346
0.9993577293904 0.00560268429809148 -0.0353940480352276 -2.82175411433659 -0.00545550974909416 0.999976072791316 0.00425338197606884 -1.9838504638057 0.0354170315108652 -0.00405755757971812 0.999364383048268 90.1532647144789
0.999279791506826 0.00466613485072832 -0.0376580067399858 -2.86249234060307 -0.00449775867940557 0.99997951235162 0.00455467275201456 -2.00342221141926 0.0376784879332469 -0.00438201581135105 0.999280305762349 91.1185117417738
0.999154125861113 0.00376614188148999 -0.0409493461491585 -2.90547824329075 -0.00361833454644123 0.999986671372692 0.00368303299927075 -2.02347993279758 0.0409626711754147 -0.00353174918307831 0.999154435669423 92.0490690928321
0.999018610448387 0.00379007324656643 -0.0441299368066501 -2.95781352358654 -0.00366796336082008 0.999989218272943 0.00284769778120651 -2.04347901146171 0.0441402539928912 -0.00268303608903579 0.999021741152207 92.9634459075303
0.998886493562226 0.00352840067261712 -0.0470459707908649 -3.00895985547615 -0.0033800518653886 0.999989063186087 0.00323245380470718 -2.06821950940909 0.0470568616500157 -0.00306983662525515 0.998887495103801 93.9594614161217
0.998728710991297 0.00462154531431506 -0.0501956488210984 -3.06257403929785 -0.00441088147399059 0.999980997541047 0.00430681801736279 -2.08531075159422 0.0502145991349698 -0.00407993574949491 0.998730117778569 94.8277593333813
0.998571414855448 0.00556307783998188 -0.0531430296326411 -3.11685154900609 -0.00528017115717252 0.999971140488252 0.00546241550738788 -2.10449103500519 0.053171883793415 -0.00517400768946962 0.998571970575125 95.6766158498628
0.998403446288407 0.00662129346268692 -0.0560956051069265 -3.17009343694621 -0.00623614975682143 0.999955786711202 0.00703811473275229 -2.12115845395991 0.0561397263588072 -0.00667705741040679 0.998400594966117 96.492415481856
0.99823505587942 0.00819410958212582 -0.0588186176441405 -3.2248244889662 -0.0077458460515091 0.999939226478302 0.00784507609409507 -2.13629421802849 0.0588793264428 -0.00737563001593321 0.998237859930944 97.286872325518
0.998062474758344 0.010354321976475 -0.0613521352167706 -3.28242266086922 -0.00986390651865135 0.999916978314419 0.00829094848327736 -2.15221570534633 0.0614328888091771 -0.00766971283481586 0.998081747993415 98.1320599798911
0.997873089825721 0.0120198059525593 -0.064068875958075 -3.33980930677716 -0.0115802286438903 0.999906823088829 0.00722796271162387 -2.16832343921304 0.0641497849273371 -0.00647065725164165 0.997919303194656 98.8475176666607
0.997686920605973 0.0132814927798092 -0.0666664113426716 -3.39572463583889 -0.0130720751836532 0.9999081604161 0.00357653235456806 -2.18461690036023 0.0667077904158377 -0.00269679120998089 0.997768910126491 99.5453628155864
0.997486045560612 0.0157021170077112 -0.069101609484356 -3.45508241622429 -0.015741383362904 0.999876096467655 -2.37155455616142e-05 -2.20065596952457 0.0690926751665789 0.0011114108516475 0.99760962655953 100.219554998962
0.997315016164796 0.0174209426028547 -0.0711285406221816 -3.51000791401309 -0.0176536810171227 0.999840663834159 -0.002644709854291 -2.215315339886 0.0710711339346642 0.00389328941844087 0.997463651577713 100.858415792374
0.997220217545344 0.0194362119914232 -0.0719310182205303 -3.56360841047101 -0.0197431282580152 0.999798753741226 -0.00355821641817474 -2.23152886531042 0.0718473841236087 0.00496846866906319 0.997403262333585 101.472902811444
0.997218734074117 0.021630946794368 -0.0713224968182897 -3.61445496617761 -0.0219112918998533 0.99975495466184 -0.00315054223601517 -2.24848539013154 0.0712368703614579 0.00470454778705799 0.997448332261488 102.132741325055
0.997350017223549 0.0255929887948371 -0.0681024380527913 -3.65872349885098 -0.0257613435529485 0.999666849302715 -0.001594861602109 -2.26484278711552 0.0680389324029551 0.00334504554980394 0.997677059146764 102.682248227785
0.997639314718186 0.0282177227353251 -0.0626063722975645 -3.69793973783575 -0.0282781818561085 0.999600089077481 -7.9669343974955e-05 -2.28058536182149 0.0625790872380046 0.00184987565090898 0.998038293754571 103.227845657147
0.9980497718207 0.0290165381833045 -0.0552692815269535 -3.72612051275814 -0.0289611182512496 0.999578911718944 0.00180357323331681 -2.29261638605516 0.0552983417317911 -0.00019939565601006 0.998469856151445 103.75082594906
0.998543870868113 0.0289615196235817 -0.0455122877124174 -3.74784635829704 -0.0287976972158978 0.999576220132233 0.00425120938321756 -2.30375296037922 0.0456161220051249 -0.00293436999224388 0.998954733151589 104.254023166331
0.999022129328689 0.0285228276908386 -0.0337821463511568 -3.75866963196622 -0.0283542589519046 0.999583033035354 0.00545857739077846 -2.3165347095022 0.0339237543744878 -0.0044953718824491 0.999414313746195 104.734703020434
0.999408466943369 0.0276651910013333 -0.0204292292748361 -3.76051140134126 -0.0275564576535461 0.99960464679244 0.00558495770338734 -2.3283595209462 0.0205756614351129 -0.0050186968248793 0.999775702264607 105.189904567172
0.999608340580735 0.0274653392719019 -0.00536848024207981 -3.75391098200235 -0.0274402246937013 0.999612410345401 0.00469714298454821 -2.3395283829617 0.00549540810035631 -0.00454799100014831 0.999974557810184 105.631026698244
0.999610766243156 0.0257909503499661 0.0106368647080345 -3.71348892734447 -0.0258076548621616 0.999665895392986 0.00143615411953001 -2.35315575528349 -0.0105962711029396 -0.00171010765306712 0.999942395626132 106.122442137237
0.999108678618288 0.0255057353916918 0.0336348892037433 -3.70525965904849 -0.02542089165269 0.999672490772372 -0.00294778909409321 -2.36408417512737 -0.0336990589957833 0.00209013279244628 0.999429839842552 106.505635537468
0.998049356544646 0.0234142326331236 0.0578727536153248 -3.66207996523651 -0.0230032602627789 0.999705292809284 -0.00775741879659118 -2.37509152840964 -0.0580373321070238 0.00641102482484818 0.998293827909696 106.914852716387
0.996160071473475 0.0211248113677992 0.0849638414070146 -3.60434237089564 -0.0203033442116867 0.999738506951925 -0.0105210233037606 -2.38701780045086 -0.085163878585837 0.00875557320861448 0.996328486856622 107.316027795909
0.993217978242668 0.0184390458812128 0.114795684947378 -3.53545543345301 -0.0171945597332079 0.999782273024351 -0.0118217452960168 -2.39870480545767 -0.114988672533986 0.0097677087002674 0.993318779171933 107.707109391466
0.98898199677064 0.0160883132182899 0.147159016853704 -3.4536209607289 -0.0142171340962695 0.999804270424063 -0.0137584134222257 -2.41180506858758 -0.147351563146263 0.0115146437026245 0.989017153450209 108.080963285518
0.983054339989099 0.0135756791340788 0.182811010512622 -3.35537577983762 -0.010945231807972 0.99982165572161 -0.0153902128240362 -2.42566445035007 -0.182987339805974 0.0131285066229144 0.983027606827288 108.453364224226
0.975373386531759 0.0105460117377858 0.220307826647161 -3.21796659600235 -0.00728719944837267 0.999851764035478 -0.0155995730500147 -2.44092543958892 -0.220439682384476 0.013609981321427 0.975305652007955 108.838810290632
0.965235624019505 0.00812400111839441 0.261255030055893 -3.1198911870119 -0.00388796574793465 0.999852535544315 -0.0167269509459107 -2.45560628984587 -0.261352393993283 0.0151296983258868 0.965124871911686 109.191833383922
0.952931466570974 0.00901385863585478 0.303051761868143 -2.98574767374171 -0.00380197244504321 0.999834630759698 -0.0177835918516369 -2.47140340398983 -0.303161945211499 0.0157943498160355 0.952808151460444 109.533857361109
0.937572037063898 0.0110352781174771 0.347616020851633 -2.83975545938949 -0.00498281504732984 0.999820115553128 -0.0183004942429116 -2.48630440581106 -0.347755441179656 0.0154259253272103 0.937458369186463 109.866138377664
0.919612607010675 0.0112809632634585 0.392664478779121 -2.67617802463415 -0.0048890009586108 0.99983882834406 -0.0172746926225495 -2.4968383454306 -0.39279606756771 0.0139662881047673 0.919519544164189 110.190958144821
0.899108950649427 0.0104667930797523 0.437599749891054 -2.49688505276708 -0.00380260528809994 0.999863117170085 -0.01610239472699 -2.50975321932999 -0.437708390432615 0.0128137881029199 0.899025679154574 110.50194778298
0.875648615588255 0.00924150709629895 0.482860328216102 -2.30137636678445 -0.00136412061406352 0.999860238126712 -0.0166626344899352 -2.52404983538407 -0.482946830606976 0.0139319330957318 0.875538839827733 110.804991878454
0.850954876832485 0.00992523116982822 0.525145015573066 -2.0274314888423 -0.000164974795126476 0.999826444557779 -0.0186293732118931 -2.54286078508221 -0.525238774633335 0.0157661202956371 0.850808826395505 111.097799137471
0.822420628282651 0.0116132948532133 0.568761322135939 -1.86227387897924 0.00108166168220658 0.999757876114164 -0.0219776967787871 -2.55964197879585 -0.568878844907397 0.0186901185214913 0.822208938948293 111.37706695568
0.790971773715979 0.0162482511304007 0.611636859189995 -1.63481064476539 -0.000169694898280349 0.999653119094575 -0.0263365276399241 -2.5746727733515 -0.611852616557484 0.0207276583262659 0.79070015795627 111.644208041426
0.755898816673709 0.0223120210973097 0.654308148096781 -1.39380892585749 -0.00346090111170116 0.999541313869924 -0.0300862764509346 -2.58864089308336 -0.654679311659366 0.0204776849702362 0.75562931606938 111.905207967105
0.720895811404472 0.0271337836171284 0.692512084288864 -1.08912113437827 -0.00420655680668308 0.999386186609952 -0.0347786557107968 -2.58006597827568 -0.693030687617309 0.022158695806316 0.720567455704768 112.144777957351
0.68253397500259 0.0270596296989378 0.730352756829 -0.789157232957701 -0.00148952583350495 0.999363779155783 -0.0356345088960469 -2.59463214652896 -0.730852347796705 0.0232338837052157 0.682140038678289 112.36141825733
0.641966039776091 0.0255463015017308 0.766307373221598 -0.412318421055755 0.000198135602845542 0.999439228063788 -0.0334841775999094 -2.62643900589512 -0.766733046448688 0.0216475376623314 0.641600981605135 112.553828060016
0.598501902756545 0.0227753518817974 0.800797574761223 -0.10588270187551 0.00449993445548778 0.999484461206475 -0.0317893440746819 -2.61800911626827 -0.801108746043065 0.0226295195146187 0.598090864217006 112.790447623735
0.552391737502317 0.0209898946019619 0.833320342163666 0.238467606186679 0.00595254632822368 0.999558112499704 -0.0291229622160704 -2.62884556231708 -0.833563396228134 0.0210476616427299 0.552022699178206 112.977054501346
0.504443682370908 0.0183089612233003 0.863250458010306 0.595754663743521 0.00743447935139288 0.99964599781411 -0.0255461850577665 -2.64669878298772 -0.863412589572826 0.0193044293662265 0.50412899061053 113.144233541939
0.452315216626863 0.0154803881226278 0.891723781443204 1.0101947791531 0.00667371915688307 0.999762605809464 -0.0207411064720501 -2.69307556465139 -0.891833171776207 0.0153326321498519 0.452104527859375 113.28307393696
0.402450033888 0.0142156125289815 0.915331571936625 1.37542350411152 0.00635772098880979 0.999811906172173 -0.0183229817495732 -2.68892961261337 -0.915419876126456 0.0131935073726667 0.402283956622473 113.428596334665
0.351362139744721 0.0188246147689802 0.936050362231013 1.74293141690515 0.00208687514535094 0.99977961055666 -0.0208895971072067 -2.71271627946721 -0.936237305230965 0.00929323377372993 0.351245418617649 113.539750702559
0.30150018023791 0.0237279919968823 0.953170826091684 2.14307885738883 0.00273109959191858 0.999664701609355 -0.0257492805976867 -2.72196267257719 -0.953462208171633 0.0103666171953668 0.301334284203438 113.633281503581
0.255050808874998 0.0256617919946253 0.966587066602815 2.55577091885384 0.00437765915721736 0.999606874364969 -0.0276935520040206 -2.7376773083658 -0.966917742619564 0.011294651562609 0.254838203285078 113.709689832569
0.21092055578553 0.0269264692775684 0.977132275794514 3.09835603892812 0.00772811388744603 0.999543357309676 -0.0292122083013797 -2.78812738900025 -0.977472657112651 0.013712844721089 0.210616149634328 113.792164694273
0.178498218528371 0.0257074547149957 0.983604347669465 3.52941738559792 0.0167774952428172 0.99943377427668 -0.0291658445522716 -2.78495165141747 -0.983797185214298 0.0217084685582946 0.177965841546288 113.833944945313
0.148140656983316 0.0269182568519733 0.988599895405924 3.96948173122718 0.0205563552682741 0.999329728300253 -0.0302907641604876 -2.80252257607364 -0.988752639443575 0.0248093043714041 0.147488021242307 113.872949467805
0.120157680734814 0.0253763304638625 0.992430437669371 4.44290681131563 0.0181574882135614 0.999449853151846 -0.0277542187158589 -2.82221824546931 -0.992588755417975 0.0213549265262656 0.119630805944175 113.917718167351
0.0948429172927561 0.0217842448612613 0.99525387098731 4.93401063612582 0.0115102670135139 0.999669713315375 -0.0229777725907693 -2.84156444640016 -0.995425705310385 0.0136349167866953 0.0945608494650024 113.959845300339
0.0710312271632385 0.0176967925197042 0.997317095161915 5.45174249298529 0.00641376388753513 0.999813832728609 -0.0181978987062774 -2.86164883384493 -0.997453471797296 0.00768917544627012 0.070904500424706 113.991621948508
0.0450924347270717 0.0165367908537331 0.998845937509206 6.2621457797285 0.0100236959067397 0.999805155591445 -0.0170051866539648 -2.90160193453669 -0.9989325291784 0.0107789332044902 0.0449178889555057 114.037864033445
0.02651542781808 0.016837456643144 0.999506594346138 6.82939932542351 0.0181289082990576 0.999685606379607 -0.0173214052929204 -2.91543560340634 -0.999484004259953 0.0185792478649566 0.0262018468292592 114.030078158499
0.00936587047832516 0.0192911214974267 0.999770040110002 7.45473756144374 0.0234611335476883 0.999534430193316 -0.0195063597521457 -2.93399486270309 -0.999680876921651 0.0236384324669406 0.00890891843408126 114.01485123633
-0.00513388569892936 0.0246643164890533 0.999682606985717 7.95398424879104 0.0235898657876741 0.999420566291916 -0.0245367052569277 -2.94652918226725 -0.999708538249899 0.0234564098888479 -0.00571273886822343 114.008410194951
-0.0160851703996592 0.0292240506378908 0.999443456208268 8.54571376513212 0.020336901447182 0.999375556661443 -0.0288947605485622 -2.96444991400717 -0.999663782345215 0.0198608059238575 -0.0166694527598636 114.001333995172
-0.0222487483773752 0.0289565465341207 0.999333033381994 9.22989212366063 0.0226672589716199 0.999338119375737 -0.0284520391761045 -2.98577734655269 -0.999495467006406 0.0220191184061117 -0.0228903879011229 113.979033241262
-0.026354129064734 0.0262817540620419 0.999307124604174 10.2138404787632 0.0290412178983465 0.999252531367069 -0.0255144315924609 -3.02281541034622 -0.999230737890013 0.0283486853297989 -0.0270976843263766 113.947272187103
-0.0239219252184588 0.0242891174201132 0.999418721191871 10.7361188906527 0.0307466234546202 0.999249761914596 -0.0235490649445657 -3.03520010232108 -0.999240905207539 0.030165412123416 -0.0246507864264449 113.941635326887
-0.021839036421968 0.0238968712882227 0.99947586065437 11.4264654240121 0.0297615496875012 0.999286774385189 -0.0232420459306517 -3.05948397253245 -0.999318421049246 0.0292383666007225 -0.0225346681840095 113.928106014888
-0.0203888030490931 0.0242665867850484 0.999497588529372 12.1376491940739 0.0260965604395766 0.999377703103783 -0.0237313310252694 -3.08336979951865 -0.999451482686103 0.0255995957939008 -0.0210093896089363 113.921179574158
-0.0191384972274251 0.0255522896917132 0.999490269294998 12.8691833777815 0.0253928916544751 0.999363325509156 -0.025062814700365 -3.10482994283746 -0.999494331638404 0.0249002835082556 -0.0197751587581128 113.910046467555
-0.0181303847890282 0.0262714940156804 0.999490419038415 13.5328481501059 0.0253425237424261 0.999345638118418 -0.0258079845020082 -3.12984310982071 -0.999514404917591 0.0248617009851578 -0.0187843069171651 113.902663017298
-0.0196986775862014 0.0260505511088601 0.999466523145363 14.9107133775088 0.0244190628671816 0.999374826559116 -0.0255668810891149 -3.18290157417514 -0.999507714562546 0.0239024021148708 -0.0203224925414061 113.873769596127
-0.0185596554723706 0.0246867982014997 0.999522936797003 15.5693659950885 0.0233871032005849 0.999432322135149 -0.0242502963987807 -3.2040002625616 -0.999554191923896 0.0229258689279589 -0.0191264722640101 113.874934803678
-0.0180623660384103 0.0234155938431839 0.999562634804876 16.3385872236336 0.0242217280990244 0.999442571243876 -0.0229750881027176 -3.23107933380587 -0.999543425180213 0.0237961499071122 -0.0186194637035235 113.863062474674
-0.0184613689169342 0.0211442453578704 0.999605971743847 17.1305280338972 0.0249814845449538 0.999473991529707 -0.0206800794390756 -3.26004792577323 -0.999517435209433 0.0245898585584062 -0.018979872719133 113.846026447632
-0.0194035217718194 0.019303348067011 0.999625371875011 17.9112813573412 0.0230038991972987 0.999557547217096 -0.018855514394031 -3.28902440883472 -0.999547059404694 0.0226294179056116 -0.0198389889027173 113.830876982449
-0.0204988795399412 0.0182335145424067 0.999623596602761 18.7300460725226 0.0223118802694894 0.999593024475596 -0.0177754161293287 -3.3163665787559 -0.999540882573818 0.0219391058879497 -0.020897360991053 113.820156736687
-0.0215792577679428 0.0158024346513511 0.999642245352444 19.5052317387975 0.0250675356442315 0.999569280497859 -0.0152601488104509 -3.33622144199889 -0.999452827446554 0.0247292649320941 -0.0219660912546689 113.799796095434
-0.0237720856241808 0.0143605572956965 0.999614256770698 21.0677710170843 0.0249623221003079 0.999593598673749 -0.0137666250702301 -3.38772935132022 -0.999405708619096 0.0246254316636446 -0.0241208974738105 113.775485484118
-0.025014278126499 0.0132525491908638 0.99959924761364 21.8007077128302 0.0226669625146616 0.999662578102477 -0.0126861637963593 -3.41274603455937 -0.999430084948502 0.0223405434457818 -0.0253062327970415 113.765079416188
-0.0257935787060481 0.018017823989015 0.999504902097151 22.6362139232728 0.020138661721741 0.999644017829367 -0.0175006263321627 -3.43533884199098 -0.999464419377495 0.0196772873298526 -0.0261472515141885 113.750154833021
-0.0264962611958095 0.0226380792461135 0.999392548256535 23.4768952899046 0.0216373943545952 0.99952231329869 -0.0220673601406894 -3.46145801870014 -0.999414714374462 0.0210395481434808 -0.0269734333322806 113.729826715572
-0.0274118158601855 0.0241734506900906 0.999331895134435 24.3285591803517 0.022236481741784 0.999474930770039 -0.0235669608132531 -3.49082980329967 -0.999376871470916 0.0215756122499422 -0.027934955254046 113.706560618767
-0.0287243196401255 0.0219904540100262 0.999345452480595 25.1894799489051 0.0192919313838772 0.999583961794592 -0.0214411918163744 -3.51969712325263 -0.999401188134521 0.0186634202508466 -0.0291366075555926 113.69011287146
