0.999999944776729 -0.000330606815628082 3.38477687748237e-05 -0.000325762644794797 0.000330606387753455 0.999999945269747 1.26459620059183e-05 -0.000170232838629792 -3.38519477635561e-05 -1.26347710189988e-05 0.999999999347204 -0.00042465444461527
0.999986679638966 0.00513985772225823 -0.000471600710913178 -0.0106055175633558 -0.00513939343397351 0.999986312552827 0.000980480561216743 -0.0142561626486016 0.000476633786487455 -0.000978043759264556 0.999999408125144 0.282057311323988
0.999941194908961 0.0108279284388855 -0.000602237297148981 -0.0233464656864594 -0.0108266039782055 0.999939056256131 0.0021606526553271 -0.0323030065281257 0.000625595986886565 -0.00215400541323386 0.999997484442006 0.82025843096297
0.999881524907072 0.0153082294410702 -0.00161067094336978 -0.0264658970223803 -0.0153025159293349 0.999876777789331 0.00350174868560955 -0.0450188792562106 0.00166407804525976 -0.00347668649784078 0.999992571720038 1.46421868870291
0.999824109435741 0.0185365605430389 -0.0028541398460846 -0.0264427538049888 -0.0185222066851839 0.999816066643098 0.0049760166635 -0.0664636701542538 0.00294585310870778 -0.0049222764609837 0.999983546436592 2.28613920123589
0.99979731321065 0.0195921274160495 -0.00463476429600133 -0.0302331907664436 -0.0195700498141142 0.999797148548565 0.00476181734539533 -0.0793206285636012 0.00472711825949977 -0.00467014961977669 0.999977921784021 3.26184077579821
0.999822090403039 0.0155913526441948 -0.0106158967977609 -0.0197913747818167 -0.0155403386248951 0.999867376373194 0.00487109228092116 -0.0960241231619849 0.0106904357965401 -0.00470525103581256 0.99993178527096 5.54701547719009
0.999797116523629 0.0147411628786833 -0.0137267588315979 -0.0274094093307982 -0.0146781002945988 0.999881301543344 0.00468360926308448 -0.0969072526392382 0.0137941713335169 -0.00448117629330526 0.999894814416121 5.45704404448503
0.999865600190052 0.00895976890927867 -0.0137296794456234 -0.0527382933621855 -0.00886348295130408 0.999935810616436 0.00705785497318749 -0.120127818905665 0.0137920348955182 -0.0069352136191273 0.999880834192504 7.41527187694339
0.999855132949894 0.00775037608231135 -0.0151540352491252 -0.0369057583107987 -0.0076791139911962 0.999959209457848 0.00475506348504497 -0.113532822982278 0.015190270638116 -0.00463800506892019 0.999873864338358 7.67338026263492
0.999855182521529 0.00602752115782618 -0.0159148664314804 -0.0503422273645375 -0.00597917593714943 0.999977370249404 0.00308357652702137 -0.126867030985913 0.0159330926047807 -0.002987972184834 0.999868595657584 8.76878497817632
0.999864858965889 0.00432171397408758 -0.0158614814393093 -0.0645284601136271 -0.00429157473246786 0.999988921535793 0.00193369904512473 -0.144150700235409 0.0158696626126399 -0.00186536699007167 0.999872328957329 9.90106659838903
0.999878922756441 0.000992051214419351 -0.0155291874161881 -0.123455910968171 -0.00094353520386128 0.999994652658771 0.00313119708457558 -0.178075450818018 0.0155322106841943 -0.00311616563284901 0.999874512097898 11.1579088262724
0.999897943580238 -0.000209143037557407 -0.01428491103233 -0.0979295919896478 0.000269361572604242 0.999991085877604 0.00421374057979905 -0.178292959221002 0.0142839024203803 -0.00421715834662185 0.999889086702683 11.9946729454289
0.999908387708355 -0.00333504123148929 -0.0131184484777374 -0.120233340717576 0.00341445133555541 0.999975956340763 0.00603558302522092 -0.192333283579945 0.0130980041439873 -0.00607982239555379 0.999895733587799 13.0691575684329
0.999882106481141 -0.00882114414901194 -0.0125682359437843 -0.161916161239571 0.00891518928589558 0.999932532321726 0.00744648941836338 -0.216219806483828 0.0125017014375217 -0.00755765972795133 0.999893288926675 13.9271128458776
0.999878887517556 -0.0123783376093001 -0.00943329500671705 -0.146957467641336 0.0124498755248065 0.999893895614305 0.00756294338644905 -0.213261286095704 0.00933867742618779 -0.00767947076822334 0.999926904744867 15.1342481273231
0.999845295882971 -0.0162934840144494 -0.00662621153945316 -0.162189858269384 0.0163366996471504 0.999845282792407 0.00652094490166202 -0.222141411515292 0.00651893743899252 -0.00662818651235734 0.999956784365316 16.181494565227
0.99980352380724 -0.0195472864253336 -0.00328897796159948 -0.166670356281274 0.0195633270836358 0.999796525379517 0.0049177304180296 -0.235795592576065 0.00319218045301317 -0.00498110755271369 0.999982499122612 17.2353987475327
0.999766808680344 -0.0215900791823095 0.000443556110233838 -0.189598612070541 0.0215883110254308 0.999760227384412 0.00366504670342467 -0.255044916457012 -0.000522578406158929 -0.00365461641908234 0.999993185322099 18.27973719697
0.999735069502866 -0.0226405439764923 0.00414687527522531 -0.191893038543091 0.0226286190708681 0.999739732957057 0.00290033548020609 -0.271550314820888 -0.00421146115324616 -0.00280572903194799 0.999987195657801 19.3187284997249
0.999679131679825 -0.0246214335109344 0.00595136083066609 -0.215302315625584 0.0246097974936313 0.999695091068327 0.00202058437369712 -0.301854850903121 -0.00599929589140343 -0.00187347424732914 0.999980249076477 19.4649947170383
0.999633647809995 -0.025576859879697 0.00885406148481247 -0.209898457866051 0.025580737485775 0.999672706575982 -0.000324956510490111 -0.319950113988957 -0.00884285224157684 0.000551330884486736 0.999960749228933 21.0721383313842
0.999587124404915 -0.0268046034853714 0.0103486209663642 -0.208945298248085 0.0268184435181438 0.999639599509074 -0.00120090824093158 -0.342566240293631 -0.0103127014490671 0.00147794632210408 0.999945730459154 22.0654987289475
0.999537647120959 -0.0280025916138651 0.0118468076207896 -0.202487748401211 0.0280089553777634 0.999607603191068 -0.000371565950292706 -0.364180657991899 -0.0118317541617195 0.000703210861725477 0.999929755076796 23.0638958638593
0.999468804042395 -0.0297198650046927 0.0133730837942291 -0.201582523300811 0.0296952259515901 0.999556923342772 0.00203729065546048 -0.382438500991188 -0.0134277064962204 -0.00163909170996065 0.999908500852262 24.0606823149948
0.999367035381481 -0.0325152391915026 0.0144321797781672 -0.176623213666081 0.0324644443198575 0.999465893296429 0.00374005242927535 -0.390701976061045 -0.0145460801535272 -0.00326915241159373 0.999888855920835 25.0481847977862
0.999233220400481 -0.0360204676894931 0.0153459165745874 -0.162198194494512 0.0359584847265985 0.999344050318591 0.0042960992774192 -0.403059183881136 -0.0154905979307125 -0.00374098920937282 0.999873015125163 26.0436977648113
0.999084709426488 -0.0398650395541565 0.0155087720834501 -0.160827513655688 0.0397975914299433 0.999197017710783 0.00463373653245207 -0.414956654383311 -0.0156810429042893 -0.00401228354212652 0.999868994655906 25.9429148119037
0.998988435335343 -0.0416622975774955 0.0169221460461504 -0.141526511051527 0.0415838460892412 0.999122696881264 0.00496188685237191 -0.422116956109827 -0.0171140238012377 -0.00425317966627925 0.999844498235629 27.0793693307544
0.998935227464529 -0.0423580978795489 0.0182812164369795 -0.131054798801096 0.0422836737688449 0.999095785402494 0.00443875248052048 -0.432231586911881 -0.01845270340625 -0.00366102922686859 0.999823031642101 28.0140950731652
0.998900442538159 -0.04248353071596 0.0198256277321884 -0.11512314948416 0.042429548583065 0.999094540228625 0.00313577620202792 -0.444849339207489 -0.0199408952684319 -0.00229113580085367 0.999798535402326 28.9431060748444
0.99889674711421 -0.0417005019697394 0.0215952943976513 -0.0963318694932178 0.0416865301550583 0.999130136626006 0.00109694545470396 -0.462304099804488 -0.0216222526180988 -0.000195502355350454 0.999766192652336 29.8687392595375
0.998903787009724 -0.0402412631054902 0.0239136998665421 -0.0741996493300675 0.0402796042568116 0.999187815679557 -0.00112360065447622 -0.477352707737142 -0.0238490624249044 0.00208560331578338 0.999713395168967 30.806085487448
0.998930614689716 -0.038342644478216 0.0258354146481596 -0.0681740123643209 0.0384015318269455 0.999260791510179 -0.00178686983160652 -0.506059733516904 -0.0257478035756315 0.00277707847713084 0.999664612980855 31.4189193377227
0.998909637597649 -0.0368151501971225 0.0287085462971616 -0.0724686410038386 0.0368787028705129 0.999318324949525 -0.00168721506133883 -0.519247643158077 -0.0286268613215174 0.00274410933420865 0.999586400805273 32.2279747332421
0.998870544067261 -0.0358004504802319 0.0312404215750605 -0.0510679319996355 0.0358458886468172 0.999356928452557 -0.000895444576864639 -0.537655010867768 -0.0311882744295837 0.00201427388473411 0.999511497802212 33.1438299173676
0.998791416302938 -0.0358886315325385 0.0335814360368025 -0.0273907026302199 0.0358966268607616 0.999355441758407 0.00036497654636054 -0.554161917304451 -0.0335728893542308 0.000840924837204834 0.999435917878594 34.0440050230589
0.998627789621207 -0.0384382291064891 0.0355674055761541 0.00995742159308639 0.0384264764552054 0.999260915521316 0.00101420843018838 -0.570361040981196 -0.035580102634747 0.000353913350090611 0.999366765027656 34.9498115559312
0.998380906699914 -0.0428623946862413 0.0373949229016126 0.0374852130687205 0.0428654605578548 0.99908059419522 0.000720134494470415 -0.587419934867438 -0.0373914084813567 0.000883982063167839 0.999300305787751 35.8515048761277
0.998118869739996 -0.0475145993117705 0.0387438346217046 0.0744948980923809 0.0475162224072993 0.998870079224942 0.000879452840285801 -0.602695690695497 -0.0387418440073799 0.000963162187860845 0.999248788761592 36.7556786423506
0.99784506275771 -0.051784951290391 0.0402932941060082 0.108271939307822 0.0517752069209125 0.998657936482703 0.00128602037578449 -0.624025491756575 -0.0403058144485152 0.000802944557281392 0.999187067871517 37.6387675817909
0.997598324133738 -0.0545620362104617 0.0426681132712213 0.144726217472932 0.0545439075806902 0.998510107448065 0.00158980183773568 -0.642873317100328 -0.0426912851924914 0.000741301977878058 0.999088036481266 38.5363267183954
0.997387703819476 -0.0558372974746779 0.0458253693977323 0.174862908999302 0.0558117488045081 0.998439618192711 0.00183780264860788 -0.654373479632427 -0.0458564822582019 0.00072459224193166 0.998947775412201 39.4584353506455
0.997241170682921 -0.056173203156109 0.0485244138773442 0.241665513761023 0.0561664806990324 0.998420285772039 0.00150313165234144 -0.682553014262969 -0.0485321948900161 0.00122646078680218 0.998820865747756 40.4920390256327
0.997104097245074 -0.0551791444294586 0.0523324113443943 0.269685865727266 0.0552245498908895 0.998473792223065 0.000579079476873488 -0.691692219329584 -0.0522844943213052 0.00231263134217796 0.998629552631926 41.1102342712399
0.997024418790725 -0.0526841639015815 0.0562733259103146 0.32113871252912 0.0527685063033013 0.99860677174544 -1.29100533153672e-05 -0.709036825406764 -0.0561942441673134 0.00298233099140947 0.998415400834904 42.0038577515151
0.996856242407571 -0.0506868186701854 0.0608972773295585 0.349771114331813 0.0507863760643819 0.998709535556783 -8.71447184276537e-05 -0.729542995837933 -0.060814274469935 0.00317962278431337 0.998144034706237 42.8751848010513
0.996626748744112 -0.0496644100426444 0.0653342946916663 0.410875849992313 0.0497520441483051 0.998761559285814 0.000286000061544436 -0.74051597831778 -0.0652675860654162 0.00296547940242051 0.997863391522661 43.7691538664758
0.996268114924204 -0.0507778790301217 0.0697957748475852 0.465582422465193 0.0508791833217683 0.998704762168737 0.000326689450747335 -0.762218979352921 -0.0697219613169507 0.00322568174029348 0.997561247787537 44.6423391619829
0.995869088549435 -0.0527698230725113 0.0738925181910388 0.541397807929031 0.0529255758945784 0.998598448289157 -0.000149969044985149 -0.77180413735517 -0.0737810401657795 0.00406015361570133 0.997266199800571 45.5395299610018
0.99546632864422 -0.0547615465123989 0.0777686412326159 0.603945597560471 0.0549365179642182 0.998489843087238 -0.000110659795793145 -0.793574840392842 -0.077645138479908 0.00438249645677517 0.996971426970323 46.4333104557665
0.995053159317862 -0.0569309189044037 0.0814130247825382 0.672385955926698 0.0571797104195618 0.998363638101943 -0.000725832066012127 -0.816577783208802 -0.0812384813242901 0.00537741467186572 0.996680185698286 47.3234748943327
0.99469082715574 -0.0582050171012094 0.0848665679550956 0.757862487950668 0.0585912764626081 0.998279918343834 -0.00206566064741024 -0.828508138541476 -0.0846003587150264 0.00702713424348527 0.996390183958881 48.2131313055585
0.994300800348966 -0.0590265354196324 0.0887794263428182 0.835740315522448 0.0594403689803303 0.998229809161363 -0.00202253236116751 -0.858923715218281 -0.0885028867375929 0.00728808740511971 0.996049257226312 49.4096614729967
0.993987814350404 -0.0591537951056962 0.0921360594311489 0.929705720424522 0.0595470779806222 0.998224336682624 -0.00152287836200721 -0.857800840946691 -0.0918823727756124 0.00700015565034693 0.995745262300552 49.9307624002413
0.993614245159919 -0.0592215711885643 0.0960392488581682 1.00313972653549 0.0594782266056346 0.998229584918831 0.000190663648570365 -0.868785053464014 -0.0958805109244425 0.00552279808936739 0.995377529546519 50.8091244230029
0.993284404501859 -0.0584990451887331 0.0998196047146782 1.0854605484612 0.0586011999099095 0.998279644049829 0.00191092775011189 -0.884872547850482 -0.0997596669125697 0.00395145387849703 0.995003716008005 51.6837227079235
0.992900420305942 -0.0577169948144827 0.10400722987307 1.18410610935741 0.0577671503770862 0.998326871694863 0.00253250651716494 -0.905665976787628 -0.103979381098349 0.00349367450306119 0.994573316827307 52.5741560858532
0.992409382201648 -0.0574343992170768 0.108742392399271 1.26811557467676 0.0576154609188721 0.998337754418598 0.00147877163127174 -0.923048572875443 -0.108646568198216 0.00479769621849716 0.994068863474631 53.4319270033734
0.991846168271029 -0.057638708042473 0.113661593430989 1.34625914720533 0.0579924540122106 0.99831700248036 0.000194515477830856 -0.964021520797538 -0.113481512872003 0.00639858529864529 0.993519503755441 54.7222369987758
0.991235510162816 -0.0581497278838639 0.118620287216376 1.47559692513037 0.0585903630301055 0.998282083123596 -0.000227759554721097 -0.954506764443315 -0.118403263266953 0.00717576904916125 0.992939663618233 55.1969630432208
0.990491428324408 -0.0595512899006929 0.124017636999895 1.58073591361988 0.0600908763810199 0.99819272321208 -0.000611475439877989 -0.96683921276788 -0.123757088652065 0.00805798967585694 0.992279825357116 56.0676893374656
0.98981042752791 -0.0597870693486765 0.129231667542102 1.69149306584616 0.060510783942644 0.998166134095965 -0.00167742974879638 -0.982108027952741 -0.128894385384556 0.00948024696999192 0.99161301036933 56.9316485754308
0.989125102394558 -0.0590704447425479 0.134693037573855 1.81011789988856 0.0600114917645939 0.998193375241292 -0.00293368038210019 -0.998843718990328 -0.134276403992446 0.0109849070234493 0.990883030003312 57.8067436220645
0.988476398770961 -0.057513190308477 0.140023719466859 1.93695022073964 0.058539926444429 0.998279870302452 -0.00322142217045032 -1.01562990809743 -0.13959758624229 0.0113812780240329 0.990142909092352 58.6723359781674
0.987703969617664 -0.0569238257157354 0.145604074350253 2.06032091212183 0.0579699093133619 0.998313977758057 -0.00294812263747964 -1.04225467461459 -0.145190764223177 0.0113525274176985 0.989338547770944 59.5446147046627
0.986875400825307 -0.0564985045494155 0.151277434634415 2.14244226799936 0.0575037874760185 0.998342695351681 -0.00227531620957333 -1.09391288997311 -0.150898169875592 0.0109444790474617 0.98848872563453 60.832934109678
0.986096091267022 -0.0560593541632243 0.156434803028941 2.30712013777895 0.057206138672143 0.998358363985064 -0.00283456509701061 -1.08231935906496 -0.156019090133628 0.0117441845978271 0.987684219597543 61.2782029423769
0.985272671385431 -0.0555863353661507 0.161703192119322 2.44516793470889 0.0568276906082425 0.998379317146747 -0.00305821414048123 -1.09915997275436 -0.161271127611704 0.0122023937879827 0.986834699929371 62.1369889981276
0.984440631548171 -0.0554305972816459 0.166745590172689 2.5913096508574 0.0565685497681065 0.998396552977786 -0.00207898513912584 -1.11963024937645 -0.166362983064658 0.0114791936596363 0.985997761649971 62.9930176774614
0.983515505426561 -0.0559935763519201 0.171935947354993 2.74345100224909 0.0570506807545912 0.998370551374111 -0.00120912133038154 -1.13841285332096 -0.171588083534303 0.0109982524191601 0.985107389086464 63.8506578902227
0.982619110516602 -0.0554069585400951 0.177171534375297 2.89591992557246 0.0565117058341767 0.998401225629431 -0.00119153907239649 -1.15403393743657 -0.176822257510961 0.0111830946962706 0.984179266008862 64.7050800603603
0.981682106671434 -0.0555032859763984 0.182262521344785 3.05510758754656 0.0567581065900948 0.99838655983223 -0.00167167062343461 -1.17344201016827 -0.181875668459098 0.0119859247531408 0.983248482750097 65.5557974719136
0.980677353802495 -0.0554386371450505 0.187612593528353 3.205714890938 0.0568652543034067 0.998379380099172 -0.00222626274333382 -1.19321882806466 -0.187185123853218 0.0128518832975132 0.982240580766119 66.3918755673568
0.979706126616576 -0.0551705907474343 0.192696941819336 3.3804378958007 0.0568481082781391 0.998377764815006 -0.00318297159735687 -1.20594120420155 -0.192208735636917 0.0140728333881889 0.981253156583603 67.2424550324216
0.97869147121073 -0.0555426795637261 0.19768159986771 3.56237160330312 0.0572897434232494 0.99835270234577 -0.00312522277555185 -1.2267940637001 -0.197182376184775 0.0143837570119847 0.980261300907236 68.1002019899988
0.977330122989911 -0.0596725877228868 0.203137916133302 3.67010650765983 0.0614293259892302 0.998108673433531 -0.00234817487982913 -1.29170906773766 -0.202613594324357 0.0147735673150307 0.979147319407939 69.4505334581316
0.976464529676754 -0.0570686275839047 0.207990850829659 3.91923078851402 0.0591519750459625 0.998241735069195 -0.00380555044692951 -1.28845059636542 -0.207407970269509 0.0160190546453867 0.978123368372799 70.2822936105038
0.97537011846249 -0.0579383560482154 0.212829224752847 4.10673326683652 0.0600780627373899 0.99818720975873 -0.00359453081820553 -1.30814848256568 -0.212235148804786 0.0162923654670218 0.977082801219681 71.1242319836796
0.974277448082237 -0.0585996361751524 0.21759948712831 4.29206467687098 0.0605503289183354 0.998162491573254 -0.0023017567542528 -1.32588508707973 -0.217064764128693 0.0154182702147197 0.976035432306297 71.9571856519407
0.973089512570319 -0.0587609274675192 0.222809232144488 4.40124787808136 0.0605070341269619 0.998167257668418 -0.00101219556839703 -1.36606170309099 -0.222341402682492 0.014466482705446 0.974861539671822 72.8187421498497
0.971978941758197 -0.0582952750631073 0.227724828870136 4.64857225540816 0.0601291750392625 0.998189978416627 -0.0011177198713211 -1.36936900248191 -0.227247484227469 0.0147793062736273 0.973724885693262 73.678894318785
0.970881394281833 -0.0572128041282458 0.232628487681853 4.84274283740555 0.0591743880652647 0.998246597981108 -0.00145650823755103 -1.38792235899 -0.232137265501394 0.0151797451535782 0.972564581558782 74.5163288612402
0.969751022832919 -0.0562816681458418 0.237519109852721 5.04315071279359 0.0583585513178725 0.998294212427023 -0.00171607773401781 -1.40532495462923 -0.237017368989251 0.01552543929914 0.971381350208033 75.357325458335
0.968656290342053 -0.0554464110000153 0.242137743212393 5.25999623705478 0.05753389264294 0.9983423456114 -0.00155311186917813 -1.42089725793904 -0.241650248040683 0.0154355585044699 0.970240640849233 76.1913536850166
0.96733382945108 -0.0590703903784757 0.246527790279397 5.41167374846964 0.0609968922079129 0.998137940038754 -0.000178314803327447 -1.44527763081141 -0.24605820762674 0.0152099189914779 0.969135706092696 76.9986927664144
0.966192896106272 -0.0555664386725342 0.251761113770627 5.93961822737423 0.0581014974424941 0.998307187983131 -0.00264091199272938 -1.44318079559993 -0.251188183457573 0.0171793281144806 0.96778580645555 79.0523830367332
0.965081255210393 -0.0567367376464633 0.255732503688462 6.44971644269417 0.0594033931454551 0.998230383472685 -0.00270894717238601 -1.45606139764059 -0.255126258398345 0.0178057325941022 0.966743786203174 81.0359935952191
0.963595674234796 -0.0603246941832896 0.260469399100321 6.97270514548522 0.0636781095275459 0.997960582066668 -0.00444690995581072 -1.46994880135041 -0.259669934653567 0.0208712221216151 0.965471862419699 83.0700666026429
0.962119974976391 -0.0615834364317333 0.265579807418953 7.51843043330562 0.0654620033943344 0.997838389262978 -0.00576845080290676 -1.54711245969656 -0.264650486232369 0.0229353279968713 0.964071621232907 85.0211427552698
0.960772299176097 -0.0633244677934426 0.270012223639141 8.06138963268291 0.0688279343299961 0.997568415707204 -0.0109531474601606 -1.53741558975609 -0.268662063923699 0.0291078642654443 0.962794592655236 87.0466785882668
0.959293965871188 -0.0580402447960376 0.276380927393956 8.62073427709553 0.0633031182105345 0.997942723081354 -0.0101506981924666 -1.65639327418998 -0.275223186283334 0.0272332780433696 0.960994561014297 89.0111572286279
0.957724292937217 -0.0594611640790685 0.281475662685551 9.19057423016558 0.0651932098781062 0.997811642819571 -0.011034982532708 -1.68901631222523 -0.28020354049101 0.0289187727967504 0.9595049142533 91.0063514343965
0.956274709974183 -0.0573433705443768 0.286793334857004 9.75885640470354 0.0634389034246154 0.997913585809277 -0.0119991995380262 -1.74486648338739 -0.285506890628009 0.0296683857309653 0.95791732539507 92.9835861267823
0.954779352205558 -0.0512600440344188 0.292863101956398 10.3516055736833 0.0576504155848795 0.998249231324954 -0.0132250422316679 -1.84265396791442 -0.291672450164264 0.0295106767921063 0.95606291726562 94.9800739642948
0.95333925244633 -0.0500493693746856 0.297723580474018 10.9468808127702 0.0562421491264285 0.998341824980532 -0.0122646302913002 -1.89605898429713 -0.296616065658476 0.0284369674849127 0.954573333208899 96.9429865984209
0.951525848756344 -0.0498180599760723 0.303507364076623 11.5651619011264 0.0559971434039118 0.998362558985357 -0.011684209293337 -1.96987602794441 -0.30242830403109 0.0281133725552312 0.952757450353682 98.9510012513568
0.949793134815682 -0.0517598503850127 0.308567527366573 12.1909957686958 0.0577381754187709 0.998278948564233 -0.0102685905946787 -2.02371249015464 -0.307504966067722 0.0275691628746863 0.951147011298505 100.914966832371
0.948112450564804 -0.0534007393560837 0.31341847763051 12.8325653112941 0.0591235770219052 0.998212094627894 -0.00877592039204403 -2.08072656419433 -0.312389474413172 0.0268509808911382 0.949574557947424 102.898338587655
0.946345196171704 -0.0538446218615308 0.318640120479715 13.4869111156575 0.0598933653131972 0.998162307655288 -0.00920827713142927 -2.14264732682854 -0.317558741769453 0.0277986379676786 0.947831040456549 104.912116273459
0.944475839874842 -0.0543813765235114 0.324049461934624 14.1338245896943 0.0608875106705818 0.99809489463628 -0.00996455444733204 -2.19516623937724 -0.322890227379293 0.0291418460019632 0.945987660529748 106.850571898324
0.942618482326678 -0.0548818954587567 0.329330190427485 14.8005128978392 0.0620500608742771 0.998009223882713 -0.0112862301289731 -2.25314574543802 -0.328055158047619 0.031073567479125 0.94414736491846 108.807086001919
0.940930305834073 -0.0556340222616091 0.333998525640448 15.5021612164632 0.063003141263372 0.99794978025288 -0.0112623391965051 -2.3186090463306 -0.332687186038095 0.0316400325572578 0.942506310103985 110.815525752969
0.939112300046086 -0.0567521742651239 0.338891248955076 16.1692812218362 0.0637362801651025 0.99792150656153 -0.00950543700632184 -2.36901797568893 -0.337647411500319 0.0305263403988523 0.940777533771395 112.730166523374
0.937336895094942 -0.0562072636408534 0.343860856463455 16.9017613687926 0.0632150837974952 0.997957578464047 -0.00919373518494787 -2.43334380557146 -0.342641792947458 0.0303548200485999 0.938975604915042 114.771769711772
0.935471494254173 -0.0564929043293759 0.348857614505255 17.5974564861466 0.0634402512329423 0.997949337235166 -0.00851204061279162 -2.48377815569315 -0.347661355288975 0.0300943860599387 0.937137081736876 116.686611124232
0.933688231705066 -0.0561340265721474 0.353659804100302 18.3027313997699 0.0628649470452123 0.997993383375033 -0.00756341012086525 -2.53679528376372 -0.352525579793111 0.0292946718781965 0.935343539984684 118.601736972212
0.931908775944492 -0.0563946209538187 0.358281565315764 19.0723282567498 0.0631314136993618 0.997979803416066 -0.00712296131885244 -2.59473297078122 -0.357156069417781 0.0292567718845562 0.933586409164645 120.643128386091
0.930141934717547 -0.0559330043314469 0.362915252237154 19.8013310299923 0.0629196717859775 0.997990790131938 -0.00744967879675019 -2.63982387586879 -0.361769396414682 0.0297637672059205 0.931792370638152 122.557557262941
0.928366839398307 -0.0552255051320225 0.367539324547062 20.5571454625258 0.0624576275200485 0.998017119835929 -0.00780213297527454 -2.69754441433376 -0.366379661376235 0.0301988757623515 0.929975253236625 124.512648372109
0.926615870685498 -0.0543136636145945 0.372065927139959 21.3325674112112 0.0620231509638071 0.998036141390469 -0.00877435028622871 -2.75720165906395 -0.370858675155749 0.0312071533976639 0.928164832687889 126.487494056814
0.924754426331514 -0.0531300117230509 0.376837435553556 22.0605615891874 0.0611249198673735 0.99808698021039 -0.00928030741471599 -2.80870436473773 -0.375623475240139 0.0316161634107134 0.926232920522537 128.347452979965
0.922878063258325 -0.0532247382781787 0.381396391686893 22.8389022512747 0.0611753649677824 0.99808874452099 -0.00874258437609946 -2.86729470835281 -0.380202123978314 0.0314004027957281 0.924370250292947 130.27533809275
0.921040473606134 -0.0538245001570684 0.385729658131481 23.6728081813695 0.0612408084142307 0.998098782137744 -0.00695589533591987 -2.93065040765705 -0.384621904425839 0.0300290572278671 0.922585630907964 132.28148131556
0.919053351343173 -0.0546441048145833 0.39032673389597 24.42269341867 0.0617379528187955 0.998076457275101 -0.00564008997513043 -2.97388890764013 -0.389267726078886 0.0292815170747046 0.920659128120271 134.136299464691
0.917027082726133 -0.0543848359928367 0.395099505391782 25.2297101810628 0.0611638969918986 0.998117263623066 -0.00457228196499936 -3.02451546655675 -0.394106974375693 0.0283587318410977 0.918626950985438 136.046163838598
0.914747224572302 -0.0533083762816176 0.400494359704963 26.0843584733298 0.0599111609870485 0.998195804419611 -0.00397351585736869 -3.08284499315853 -0.399559967872727 0.027628844661011 0.916290608385922 138.04994300605
0.91222331849853 -0.0519964572424919 0.406380346008218 26.8694008359523 0.0593982635724424 0.998218588543059 -0.00561210937897557 -3.1250853085759 -0.405364605598599 0.0292577839443223 0.913686772699791 139.874186611392
0.909697481484574 -0.0497450963766643 0.412281357287835 27.7159553358577 0.0585858446646856 0.998243381235518 -0.00882330008592464 -3.18012631209482 -0.411118220206243 0.0321803854227591 0.911013848307749 141.79114614964
0.907077050232995 -0.0485857538541118 0.418151467130078 28.6191242333881 0.0586197918246908 0.998217813952037 -0.0111765788703922 -3.25240761257884 -0.416863220909495 0.034649970147806 0.908308556946216 143.761421316909
0.904242983904759 -0.0476922128016932 0.424346649447237 29.4331492875491 0.0587720727315222 0.998186100556883 -0.0130519010831887 -3.30647370796483 -0.42295445325219 0.0367418221257831 0.90540574825932 145.582912784252
0.901406503662061 -0.0486136832181382 0.430236010765842 30.3063148173337 0.0604837940472571 0.998071735509482 -0.0139470941324451 -3.37186205393316 -0.428728382327772 0.0385943076250476 0.902608693513172 147.448725666749
0.898688895050175 -0.0486014363870931 0.435885501358565 31.2329373783998 0.0612450711093194 0.998010135237446 -0.0149937062846016 -3.44712579669181 -0.434289432496705 0.0401705158598421 0.899877224112959 149.406876061612
0.895969527436748 -0.0496806265653802 0.441328042672162 32.1579729816466 0.062206297529243 0.997965854437904 -0.0139473984573147 -3.5109206189491 -0.439737401698415 0.0399498275352353 0.897237442836305 151.303051401095
0.893028313201244 -0.0510177163204231 0.447099121495882 33.0664988342107 0.062300542780354 0.998001590712117 -0.0105578077912263 -3.57712430374587 -0.445666999216022 0.0372829392287147 0.894422108543977 153.164979982833
0.890076800859708 -0.053097964346089 0.452707294787315 33.9913671065915 0.0632047848693457 0.997974491505709 -0.00721591806642219 -3.63457154709939 -0.45140718175608 0.0350359884436425 0.89162998815249 155.025361290586
0.887337570104126 -0.0528307413648156 0.458083998245463 34.9258273173976 0.0628017191370179 0.998004521870959 -0.00655121351764411 -3.69658055465141 -0.456823796178724 0.0345816004829534 0.8888847687709 156.868558426521
0.884732269068398 -0.052558738450303 0.463126754875592 35.8761639644041 0.0630705039954217 0.997982894606768 -0.00722866502614992 -3.74020788816888 -0.461812649886128 0.0356050710546887 0.886262576960318 158.739850050613
0.882205080094758 -0.0528008813538181 0.467895569099838 36.838682339923 0.0631748085734332 0.997981343713801 -0.00649470252643472 -3.79534457218817 -0.466608122750463 0.0352888725727648 0.883759896836144 160.590064567347
0.879759974039027 -0.0534040796532671 0.472409136612786 37.7700121545058 0.0636769504720834 0.997953885411214 -0.00576962487846799 -3.85851623972207 -0.471134411879908 0.035157458227948 0.881360493256604 162.343584582685
0.877898763501362 -0.0559326784986163 0.475568393103189 38.7571893916144 0.066381008166387 0.997780860915613 -0.00518800012650131 -3.89996774267064 -0.474222861951628 0.0361232482823587 0.879663451631326 164.205900726251
0.876560065456442 -0.0575972418429346 0.477833662877663 39.7161033145867 0.0685291476323588 0.997634173989737 -0.00545992789314939 -3.94963663208034 -0.476388714782141 0.0375314883784606 0.878433366743498 165.991333656463
0.875344213891435 -0.0585698117526728 0.479939667414606 40.6856854768651 0.069563613211028 0.99756429646514 -0.00513596485946432 -4.00507846160166 -0.478469864175178 0.0378820745111409 0.877286462626045 167.773192908405
0.874028078158915 -0.0587166464586214 0.482314497002201 41.6743549570384 0.0704184576225549 0.997498430599293 -0.00617428360278931 -4.05575328847335 -0.480745420587543 0.0393603401992474 0.875976371943619 169.574218260398
0.871846176910199 -0.0570835721147348 0.486441887178409 42.6579795160336 0.0689175643502931 0.997601489635565 -0.00645268943345703 -4.10593704098933 -0.484906808707707 0.0391501426756444 0.873689105573249 171.376231613143
0.868914573856077 -0.0556436626125617 0.491824405811233 43.6465229644358 0.0673567000222448 0.997710176132754 -0.00612204240935034 -4.16377934309517 -0.490357561685986 0.0384472008370955 0.870672886016997 173.143440013777
0.866239816733933 -0.0548464339222812 0.496608949366371 44.6907000646058 0.0661464584157076 0.997796471922295 -0.00518137611843869 -4.20573367458412 -0.495230477599896 0.0373372375173968 0.867958930336423 175.006924366818
0.863391541671564 -0.0544463547463573 0.501588118105717 45.7101157018001 0.0650228293219746 0.997877256485725 -0.00360730584894283 -4.25568724168832 -0.50032697052724 0.035729195951718 0.865099038908077 176.800223052786
0.860443071122359 -0.0535545842349655 0.506724410172772 46.6984636308611 0.0640631732825406 0.997940348101369 -0.00331231947289719 -4.31319052369313 -0.505503344387052 0.0353124360351895 0.862101734527176 178.502773604315
0.857670622515625 -0.0530575965063135 0.511454782680378 47.7616258451113 0.0640467716653454 0.99793936791395 -0.00387672629317875 -4.35037692361653 -0.510195172765195 0.0360819819366724 0.85930144668016 180.337055300259
0.854803811228316 -0.0520670910426413 0.516332705084525 48.8107808848978 0.0639907036148115 0.997936386892097 -0.00530637047598715 -4.40069526648456 -0.514990906871594 0.0375763988043609 0.856371636669775 182.110810327614
0.851677913171335 -0.051422352075466 0.52153664676909 49.8071263802739 0.064398338025287 0.997901290012848 -0.00677269889155114 -4.45484867730703 -0.520093824492947 0.0393542513297046 0.853202002240137 183.771579225383
0.848833952541714 -0.0510725856454528 0.526186765329479 50.8844674552038 0.0642885819266934 0.997907836450626 -0.00685041489876085 -4.50800219047159 -0.524736028157269 0.0396426657266918 0.850341437193211 185.541785040715
0.845910719646353 -0.0505676675911635 0.530921807220027 51.9434525599181 0.0639815325043249 0.997927274781342 -0.00689331167742878 -4.56104556925261 -0.52947277350756 0.0398003171077035 0.84739277603266 187.265028937124
0.842873721121669 -0.0508613502494805 0.535702355131383 53.0571180820917 0.0644325281559562 0.997900013553492 -0.0066341740534451 -4.61804817466618 -0.534239964396096 0.040108428051211 0.844380823113196 189.03237032248
0.839717889479906 -0.0511587333930045 0.54060766743086 54.1332250921112 0.0648452869093334 0.997875490678266 -0.00629236595064849 -4.66694258194663 -0.539137231929922 0.0403396715558534 0.841251303740866 190.745746370068
0.836531386129503 -0.0515290779078781 0.545490599506733 55.2230520579139 0.0658043125786563 0.99781034360312 -0.00665662412000171 -4.71975065304179 -0.543953152823202 0.0414641089207078 0.838090505378214 192.449908957196
0.833385267583518 -0.0522857489578115 0.550213773210621 56.3574660602275 0.0677050877135087 0.997675332675678 -0.0077428462583682 -4.76983526259758 -0.548529868714962 0.0437050457772939 0.834987935302751 194.186783203818
0.830153212035784 -0.0526788848258723 0.555041061219954 57.5014059625314 0.0689585837092 0.997583667780103 -0.00845810328726516 -4.82128502057407 -0.553254334171447 0.045296367093833 0.831779947371064 195.931451505995
0.826865832945789 -0.0529230044325273 0.559903607693951 58.6224082184411 0.06950928428399 0.997546260849255 -0.00836163046288122 -4.87644524026077 -0.558087227685058 0.0458324455763056 0.82851556003934 197.614674303994
0.823557896707597 -0.0548677878836723 0.564572330727704 59.7637541766363 0.0711281433495178 0.997443867820849 -0.00682039370087111 -4.93393999689592 -0.56275498931081 0.0457739707621787 0.825355417748289 199.305218986557
0.820338047742247 -0.0554693292226632 0.569182432039172 60.9230610881975 0.0709638025206169 0.997466008301717 -0.00506961679559877 -4.98192276510016 -0.567458920238509 0.044550149250335 0.82219563246439 201.00366725678
0.816916414719618 -0.055478558041074 0.574081615242405 62.0660433580642 0.0710104951682566 0.997464711415037 -0.0046539292728032 -5.03111903293791 -0.572367959391163 0.0445676909812528 0.818784855736228 202.665302977219
0.813504079148559 -0.0547036764411883 0.578980674109657 63.2463489039835 0.070621377198941 0.997490753206549 -0.00498180187857706 -5.08117105299428 -0.577255345831617 0.0449411287269275 0.815326045614618 204.357256584923
0.810386389415408 -0.053366877967635 0.583460261017189 64.4367651495439 0.0691910052431758 0.997591613397061 -0.00485568463635143 -5.13045307967251 -0.58179593041177 0.0443051827198177 0.812127173625207 206.038734113268
0.807383773885173 -0.0517921448589421 0.587749109227607 65.6240448129315 0.0677779627071472 0.997686930129403 -0.00519010792142002 -5.17911083405845 -0.586120797650283 0.0440268461268552 0.809026604866563 207.702544437119
0.804769991514637 -0.0506180599189772 0.591424612919998 66.809759864501 0.0667764218451016 0.997752967418309 -0.00547041986732568 -5.22843859527006 -0.589818760504527 0.0438956491921309 0.806341740045066 209.34115173942
0.802329085195664 -0.0497601156906254 0.594804144181549 68.0024437364206 0.0655467427716649 0.997837278189907 -0.00493870090034257 -5.27702579364049 -0.593271997958031 0.0429499376136151 0.803855484087701 210.969321752312
0.800140822135634 -0.0486917032908858 0.597832570861394 69.2045048382396 0.0646154219912757 0.99789666184674 -0.00520571954895217 -5.32858172183485 -0.596321651454147 0.0427945125660444 0.80160409037207 212.622846908765
0.797731684362959 -0.0499108250794429 0.600943482619893 70.3837617380008 0.0649846513780948 0.997880516229116 -0.00338680019794629 -5.37090396367909 -0.599500754669003 0.0417538605425004 0.799284342572212 214.215212597101
0.795160842459856 -0.0528658468654582 0.604089758937966 71.6748352235701 0.0672115785891933 0.997738076645883 -0.00115503875362566 -5.41510321648725 -0.602662292102369 0.0415202678961927 0.796915446601299 215.915446018312
0.793007006206274 -0.0528798697535918 0.606913179526204 72.8758237335203 0.0678081738528284 0.99769697737515 -0.00167119574992191 -5.45386923536229 -0.605427072128847 0.0424789443293159 0.794766380530882 217.519215962675
0.790623294910731 -0.0518156773465634 0.610106499822463 74.1024885908341 0.0679876165704811 0.99768046765599 -0.0033717133314405 -5.49835072321808 -0.608516630452747 0.0441454418806858 0.792312243010036 219.136224585986
0.788215375209911 -0.051454377603244 0.613244624361406 75.34214437423 0.0683752444231353 0.997650934422343 -0.00417600243087563 -5.54212993536354 -0.611589198917685 0.0452223404048151 0.789882011249488 220.750347234136
0.785623215827542 -0.0513843084779609 0.616567770480288 76.6294645195432 0.0685621128533623 0.99763793036365 -0.00421859939036869 -5.58620474148208 -0.614894624658465 0.0455874186807651 0.787290535840582 222.405492224179
0.783268371076108 -0.0514132471034241 0.619554143634003 77.8374728340574 0.0684953591323656 0.997644174506599 -0.00380615953086854 -5.63016812050447 -0.617898895167412 0.0454178279459554 0.784944696303863 223.970194948112
0.780653245864723 -0.0507800774476623 0.622897979973673 79.0565457381349 0.0688616873893684 0.997613817545631 -0.00497383674054942 -5.67768019825551 -0.621159059928101 0.0467766477683272 0.782287266605303 225.524092522829
0.777732048980527 -0.0506744040032183 0.62655004969074 80.4420159495514 0.0704865746852798 0.997489420056514 -0.00681906624511601 -5.72802656795773 -0.624631493584567 0.0494667732345401 0.779351355659356 227.229067116331
0.77498257177179 -0.0493942265988802 0.63004938205563 81.6393223711357 0.0697833642090541 0.997532974409169 -0.00763197523995694 -5.77850441228655 -0.628118058592212 0.049881613296838 0.776517565239355 228.750978555528
0.772039058592766 -0.0498011393853163 0.633620973866175 82.9410475797028 0.0702071198863701 0.997506864388761 -0.00714253558359008 -5.83284420232217 -0.631685564442038 0.0499990201226613 0.773610655085824 230.361022398859
0.76916999179415 -0.0509728470823469 0.637008078899873 84.3016492149907 0.0715290097210467 0.997416968022491 -0.00655687952819387 -5.89028599193366 -0.635028443844615 0.0506079120409104 0.770829238383668 231.976227696095
0.766342292216172 -0.051204424784413 0.640388630476339 85.5255441240001 0.0710089698551076 0.997462019211986 -0.00521981126700669 -5.93339722800147 -0.638496059001918 0.0494734990883417 0.768033303657449 233.515929667176
0.763485295955759 -0.0505753316047715 0.643841858450051 86.8344742353957 0.0704730782743059 0.997500060774386 -0.00521286808193425 -5.98248825300492 -0.641968650401164 0.0493534658171389 0.765140828419151 235.086526882578
0.76050497663273 -0.0481335753329465 0.647545627305534 88.1809994804022 0.0688955843219624 0.99760097355269 -0.00675988370173604 -6.04116599809721 -0.645666770848389 0.0497539595649752 0.761996695878546 236.69388088731
0.757784754757175 -0.0463836503427321 0.650853917894401 89.4740772126532 0.0679609293508372 0.997655686355471 -0.00802767490398822 -6.0798735816386 -0.648955759308274 0.050315886790126 0.759160545600958 238.219400875752
0.754850928662831 -0.0446101070903679 0.654377577429306 90.8051007282923 0.0660398453576376 0.997783629403497 -0.00815890430908497 -6.13347742589524 -0.652563264612712 0.0493737505135209 0.756123943833435 239.777278643697
0.751536530329122 -0.0433313101149574 0.658266846457109 92.1885970740678 0.0639023921632521 0.99792969711291 -0.00726662892612816 -6.20535379019105 -0.656589162152924 0.047525963260701 0.752749596452541 241.384125352891
0.748292890731672 -0.0448377845284696 0.661851435564672 93.5329893662902 0.0651818756730731 0.997854790195935 -0.00609432250270549 -6.23452889475973 -0.660158369457041 0.047701056189622 0.749610256382752 242.925336728957
