0.999999983542372 0.000163890001312584 -7.78159548516351e-05 0.000615167521837005 -0.000163889226779726 0.999999986520563 9.95966628011218e-06 -0.000203749912477411 7.78175860924396e-05 -9.94691291952794e-06 0.999999996922741 0.000102557107934441
0.999978529330367 0.00390405348305399 -0.00526300718956007 -0.0187266502369494 -0.00392157365316632 0.999986790281231 -0.00332272826517086 -0.00127382695230633 0.00524996555785833 0.003343296194301 0.999980629928499 0.738076224716404
0.999927525251302 0.00546347164143795 -0.0107282208418021 -0.0388299246634024 -0.00551512303480251 0.999973315150087 -0.00479086690022841 -0.00611635617906637 0.0107017597953918 0.00484968714124084 0.999930974053666 1.4908927535223
0.999836707376595 0.00563443125459549 -0.0171700834816312 -0.060345775489356 -0.00570463289792251 0.999975557904068 -0.00404237033786455 -0.0134472940651926 0.0171468873510293 0.0041396592716967 0.999844411633773 2.25964315517957
0.999701757636042 0.00531837053225513 -0.0238350731966752 -0.084041555824072 -0.00538246697076202 0.999982066907139 -0.0026258167176493 -0.0220869659884323 0.02382068069384 0.0027533250820909 0.999712455845317 3.01152748545379
0.999506008907811 0.00465465300126579 -0.0310817046285641 -0.113454458390902 -0.00468187806630981 0.999988717381396 -0.00080319840746894 -0.0278979438617332 0.0310776153356673 0.000948322385774384 0.999516524380513 3.83130041046375
0.999155566998831 0.00432094788379921 -0.0408592993653748 -0.16320209861114 -0.00424504761610069 0.999989099808301 0.00194417985796762 -0.030326478272573 0.0408672546910221 -0.00176908845696881 0.999163018641128 4.62295711910924
0.99875188835738 0.00450041729570348 -0.0497434593361988 -0.210990014787883 -0.00413380497767104 0.999963551095972 0.00747048431762118 -0.0326629279355809 0.0497752665384537 -0.00725553055935779 0.998734088793072 5.42596055898578
0.998300189048089 0.00639702560171758 -0.0579293587915551 -0.253977693551574 -0.0056774757099116 0.999904785121742 0.0125772397689518 -0.0326043034627627 0.0580042999795111 -0.0122269683116179 0.998241454974594 6.25465293351927
0.997697080609752 0.0093300185774114 -0.0671824835513211 -0.332055978433044 -0.00823766257123433 0.999829629638004 0.0165182509150989 -0.0266618216323252 0.0673251532351829 -0.0159267840845802 0.99760396014179 7.07321825057247
0.996999778184417 0.00973632810774235 -0.0767896230958497 -0.407014825221314 -0.00837419054049416 0.99980218407349 0.0180406666913966 -0.019297760197474 0.0769500827356006 -0.017343489754284 0.996884089616304 7.90133036191573
0.996189274629913 0.00957169473458966 -0.0866908978626691 -0.485773934005881 -0.00800752894080256 0.999799139003883 0.018372836671478 -0.0107310508631118 0.0868493442265979 -0.0176086429631141 0.996065824682489 8.73502100869674
0.995360630774671 0.00944807849380915 -0.0957494047847017 -0.587244723790719 -0.00762683352867957 0.999783310893082 0.0193691163967909 0.000836540130536152 0.0959116578637636 -0.0185489911434947 0.995217005890365 9.57414917403004
0.994400700214232 0.0098058259319142 -0.105219262453403 -0.664537958245931 -0.0076650711725648 0.999755710696322 0.0207307890349539 0.00644345233124068 0.105396841021753 -0.0198081979969216 0.994232941113274 10.4375900374682
0.993421121268083 0.00769325334435981 -0.114259746505253 -0.777504622039149 -0.0051265417510969 0.999728252394582 0.0227407109332579 0.0240755117817342 0.114403646743185 -0.0220053451928215 0.993190601241678 11.3111816721319
0.992375886793262 0.00708151304699223 -0.123044510175189 -0.89330464883756 -0.00383456346329458 0.999638663987353 0.0266052172444865 0.0389542598652123 0.123188454955539 -0.0259305540732479 0.992044460158476 12.1896692205097
0.991324290012872 0.00745800873700663 -0.13122701755414 -1.01969412274579 -0.00327743825459192 0.999481062191298 0.0320447299792217 0.058087128745567 0.131397908769368 -0.0313366307479382 0.990834297521237 13.0811485041544
0.990203023000953 0.00658650620359565 -0.139479716001306 -1.14047931790978 -0.00156992909428071 0.999348902937157 0.0360458807763211 0.0744877992038563 0.139626317585238 -0.0354737668472326 0.989568645068777 13.9757528132135
0.989023569367052 0.00459130712484494 -0.147686489345982 -1.28317423267637 0.000948808198407473 0.999299162259591 0.03742036972401 0.105736591433605 0.147754793490628 -0.0371497537833606 0.988326068053645 14.8905285292749
0.987979548525936 0.00346038853789277 -0.154545907113886 -1.44004782681341 0.00248013166494752 0.999265918847438 0.0382292084264162 0.136556437751225 0.154564745790919 -0.0381529702795557 0.987245709141061 15.8147662567289
0.986943647491337 0.00327069916960753 -0.161032727119171 -1.60323827911788 0.00320341279218312 0.99919743746851 0.0399276733963627 0.169959121242717 0.161034079694263 -0.0399222179156627 0.986141086099609 16.743679995105
0.985962277467187 0.00181266511659473 -0.166958383008738 -1.78038010025473 0.00508680164305435 0.999150805514256 0.0408875566555147 0.203020260349255 0.166890718318191 -0.0411628726571504 0.985115783070117 17.6796187907331
0.985037621013973 0.000484498239854125 -0.172338766528565 -1.92861609262301 0.00668700962378683 0.99913554360278 0.0410298600030409 0.226231051679253 0.172209666074303 -0.0415683866782598 0.984182859096593 18.6491225217945
0.984326461130569 -6.67995784549265e-05 -0.176355928326742 -2.12182716309513 0.00730051597678972 0.999158160739089 0.0403691998304878 0.263274281274859 0.176204768336851 -0.0410239608801677 0.983498304141425 19.602772568584
0.983817394969862 0.000200354961750841 -0.17917391889615 -2.30965597081762 0.00705950150889025 0.999179539036871 0.0398799725239571 0.298655202682273 0.179034903840454 -0.0404994892307903 0.983008796796287 20.5753441954074
0.983659998873132 -0.000223665656045513 -0.180035986932016 -2.50301439160171 0.00768527543873903 0.999139871819766 0.0407486574185204 0.33493498253398 0.179872018831005 -0.0414664504588412 0.982815644120505 21.5647816871409
0.983618499383903 -0.00012948362114346 -0.180262671964418 -2.69924755756752 0.00790538793495198 0.999068642219313 0.0424187809308018 0.370471874562849 0.180089290384957 -0.0431489439969195 0.982703422259531 22.5627201706039
0.98341950637877 -0.00200189445127183 -0.181334130522474 -2.87051433748001 0.00995252691332092 0.999027825071291 0.0429459187975534 0.400672071534317 0.181071868830515 -0.0440385870792013 0.982483374498669 23.6203362827833
0.983231887648617 -0.00370908855763681 -0.182321961850486 -3.08350578245045 0.0115905339851095 0.999042724968079 0.0421816691264656 0.440933508605654 0.181990974042336 -0.043587571054444 0.982333654628963 24.6331294578971
0.982808451978104 -0.00617999014008188 -0.184524671635724 -3.2836569784584 0.0141260347696216 0.999027022458234 0.0417787450735715 0.475688103002794 0.184086941041702 -0.0436671056987239 0.981939500182066 25.6689974427664
0.98222905510852 -0.00729356257120792 -0.187544360740717 -3.49234118802927 0.0157454861692747 0.998924278298126 0.0436161196332306 0.512694971884921 0.187024498304146 -0.0457939971130167 0.981287290686319 26.7083967579001
0.98134368749172 -0.00785212581796705 -0.192101304369057 -3.6821547310164 0.0172023109461927 0.998744217384357 0.0470538918626048 0.55058201375967 0.191490593811458 -0.0494806261222109 0.980246407858906 27.7895701686102
0.980293898371527 -0.00990518166231055 -0.197296123103803 -3.90961326638782 0.0203463958231045 0.998493162591115 0.0509649726361371 0.590634298295492 0.196494012612506 -0.053974916720911 0.97901828960056 28.8203095983787
0.978712706416355 -0.0111226699010827 -0.204933463625259 -4.13504257032085 0.0223862392508625 0.998358072953032 0.0527258424466807 0.629032587718632 0.204010525687713 -0.0561911415062962 0.977354726301992 29.8572028344926
0.976552313175828 -0.0145183504046027 -0.214790123451867 -4.36856982180952 0.025865063554236 0.998408678628656 0.0501109661283556 0.666297706588941 0.213720794772699 -0.054491540082026 0.975373822665554 30.8986891472695
0.97395747512237 -0.0169217500517975 -0.226098410052884 -4.59829228735805 0.0280766032922364 0.998537014867571 0.0462118414146218 0.705092796673166 0.224985646210659 -0.0513564437490006 0.973007695079863 31.9457248550924
0.971336652227829 -0.0176539939904707 -0.237051565139357 -4.86339800099686 0.0294702568646929 0.998488317038759 0.0463959556150659 0.74736502316651 0.23587414440579 -0.0520520627188834 0.970388566898614 32.9800570063487
0.968802531470279 -0.0157222356457859 -0.247334725267354 -5.13915499407218 0.0292667883130788 0.998260464327617 0.0511810556968967 0.785237099862534 0.246099797071465 -0.056823029369348 0.967577404249745 34.0066762321848
0.96655156288361 -0.0121731759205466 -0.256183313420796 -5.42504535377714 0.0272355836478402 0.998096602561048 0.0553298738427555 0.82429944521513 0.255022154470179 -0.0604564780987212 0.965043374665246 35.030022251283
0.964640808315713 -0.0112982661338097 -0.263325768040989 -5.711110118799 0.0262675385354274 0.998227881204401 0.0533958201122723 0.868159771954545 0.262255843312017 -0.0584247068331705 0.963228127849349 36.0945245410827
0.963096199326169 -0.0119029534248092 -0.268894087966351 -6.01220356568754 0.0260550176974306 0.998452824387952 0.0491232483098157 0.909821756268613 0.267893349854518 -0.0543164539664369 0.96191625203665 37.1248847961449
0.961749798018949 -0.0113980839842545 -0.273692180545953 -6.3227579426286 0.0237511998694612 0.998840973025376 0.0418639595652626 0.946937053760041 0.272897794998918 -0.0467631723390204 0.960905822231044 38.1423730554754
0.960219001818626 -0.012220705953066 -0.278980506294704 -6.62978369964957 0.0243976953684753 0.99889303208089 0.0402176941277496 0.980369281243063 0.278180195210133 -0.0454242755171158 0.959454227249324 39.1485540966052
0.958443509242677 -0.0130091457370083 -0.284985616685783 -6.92336435325273 0.0265550512769086 0.998690864531044 0.0437194047754123 1.00864478372364 0.284043779798579 -0.0494703873992196 0.957534235381852 40.1919109266806
0.95694275898151 -0.0111723703130893 -0.290061604102374 -7.25166298602278 0.026536260318031 0.998441853875263 0.0490886068091276 1.04824072610189 0.289061209644581 -0.0546721370692113 0.955748175257006 41.2155328234461
0.955484799697447 -0.0102827373740714 -0.294861090785518 -7.58063041336228 0.0267466169410692 0.998296256187958 0.0518575294756162 1.0880968523283 0.293825485670214 -0.0574356178098797 0.954131926820112 42.2368454667059
0.953987519428173 -0.00973195861701574 -0.29968834104242 -7.91700027797977 0.0262648158316367 0.998343598613372 0.0511880704562398 1.12752438984546 0.298693776675396 -0.0567040394432307 0.952662941278923 43.2651466451152
0.952047250733745 -0.0107801633020252 -0.305761051230367 -8.24224401802618 0.0269621938279595 0.998447031477562 0.0487500301295027 1.16559321324582 0.304760680656644 -0.0546563208862941 0.950859408173929 44.3050158437852
0.950077650917979 -0.0130904963170296 -0.311738826796323 -8.59094400200275 0.0288111798896723 0.998531538661329 0.0458768156262268 1.20559396109042 0.310680500095418 -0.0525681006391871 0.949059651263106 45.3190872728414
0.947870614023582 -0.0143752616258644 -0.318331039837063 -8.94400322052931 0.0303550850913602 0.998512357599416 0.0452950386946733 1.24222889695724 0.31720634905319 -0.0525968019412171 0.946896883797757 46.3434551770897
0.945537243666488 -0.0149338113095036 -0.325171188944151 -9.30683083955157 0.0315486238972859 0.998448524031696 0.0458827766064206 1.27742813368012 0.323981488930723 -0.0536425776664325 0.94454140655216 47.3623836411616
0.942783671020929 -0.0145093223775424 -0.333089221111168 -9.66807776323885 0.0316599809203491 0.998434092272374 0.0461195077636675 1.31218364452054 0.331898471319805 -0.0540263172202623 0.941766723654639 48.412423608163
0.939979188810498 -0.0157897031176474 -0.340866263919758 -10.0461091197244 0.0329715355650299 0.998457451104218 0.0446720961781637 1.34712075285405 0.339635101904443 -0.0532297248717641 0.939049835708646 49.4209032937456
0.937069248993781 -0.0171483061752753 -0.348722179084656 -10.4370153321167 0.0344078302390174 0.998466841606548 0.0433597443544927 1.38298215937878 0.347443986576937 -0.0526298566173518 0.936222609417206 50.4387721157245
0.933999174831591 -0.0180031924110005 -0.35682128086329 -10.8379799070131 0.0353068525621132 0.998491923138502 0.0420393338354984 1.41714322175031 0.355526324730059 -0.0518629394672899 0.933226268347472 51.4631625814688
0.930717130859885 -0.0193397598174635 -0.36522814241806 -11.2379529253418 0.0366609156803606 0.998504708346626 0.0405502733788206 1.45020974068073 0.363897787277446 -0.0511304322280031 0.930034450606404 52.502134409964
0.927305567974486 -0.0212719777796786 -0.37370026299811 -11.6613025249466 0.0385647980192918 0.998500278249292 0.038858083969966 1.48603312094704 0.372313228286676 -0.0504449927884479 0.926735217171187 53.532165399792
0.923811708164338 -0.0225338546997517 -0.382183402636559 -12.0930954306273 0.040222630219178 0.998454275320154 0.0383562265239744 1.5123665502085 0.380728338683554 -0.0508063528240086 0.923290120512498 54.5521926274897
0.920197586316871 -0.0232147865472962 -0.390765243876893 -12.5263437243143 0.0419120321735529 0.998344660684409 0.0393868003526071 1.54671037053757 0.38920403864257 -0.0526214040908881 0.919647325954801 55.5533587247459
0.916385296533698 -0.0245978972323779 -0.399540901221129 -12.9648575732694 0.0440504764303358 0.998245083421274 0.0395766212745997 1.57392427445689 0.39786623860678 -0.0538674008747224 0.915860665876581 56.5475965993878
0.912493833029664 -0.0272401036675583 -0.408182534456108 -13.4248461374133 0.0468834378797956 0.99816986177987 0.0381951605170978 1.60641768958985 0.406395063866926 -0.0539898489212203 0.912100952898341 57.5632465845832
0.908683787988887 -0.028646189442846 -0.416501103571855 -13.8876273037025 0.0479667256714312 0.998200157060989 0.0359949950934663 1.63470865207967 0.414720347553059 -0.0526862626670518 0.908422363799818 58.5556083884664
0.905106727544977 -0.0255171738473245 -0.424418055214041 -14.3862912640975 0.0448957391183852 0.998352863927713 0.0357201861185931 1.65864334599502 0.422807502726521 -0.0513851430491193 0.904761505984856 59.6155419369319
0.901820159037259 -0.0259156800091545 -0.431333720318359 -14.8764251392444 0.0460740682237452 0.998276398710404 0.0363512312735222 1.68759366226648 0.429648206084148 -0.0526555724254379 0.901459821456965 60.6005729380753
0.898854581761531 -0.0250944970436459 -0.437527950037971 -15.4037957443539 0.0453769786044492 0.998322381671705 0.03596320433534 1.71664585414096 0.435891466604973 -0.0521793874193681 0.898485359296135 61.6459437438207
0.895854364942094 -0.0261103157983873 -0.443579990783068 -15.9164217771472 0.0462184907029556 0.998332705237763 0.0345783280363592 1.74515821583432 0.441937561122993 -0.0514787437837963 0.895567491039678 62.6743051046883
0.892597373830386 -0.026403013057897 -0.45008089176565 -16.4470677769064 0.0453535944134204 0.998478285814534 0.031371391914482 1.76839314607597 0.448567698017681 -0.0484148082546402 0.892436567290239 63.7338046183097
0.88955771777706 -0.0285980552673456 -0.455926768218531 -16.9901483087801 0.0465974651996633 0.998513230278816 0.0282843630851218 1.79545965300372 0.454440032325756 -0.0464056051904366 0.889567747182122 64.7392719990689
0.886359269101165 -0.0288217116926425 -0.462100156907088 -17.5365546244578 0.0466397589607135 0.998541926495273 0.0271800278733413 1.81860866794329 0.460643005984608 -0.0456435095738185 0.886411129821399 65.7766425830317
0.883224019285928 -0.0290907679476842 -0.468048137456634 -18.0995184364554 0.0477862664751165 0.99846177953782 0.0281166772314601 1.84131956169685 0.466510240501513 -0.04719959769302 0.883255565215888 66.8252291995353
0.879973065678237 -0.0290282769387723 -0.474135806303226 -18.6419528878475 0.0484373146820234 0.998411766947666 0.0287709952353855 1.85308599264936 0.472547595726864 -0.0482835661318204 0.879981515154924 67.843431532183
0.876617205535643 -0.0309664075907161 -0.480190958431961 -19.2079229899836 0.0506070426734473 0.998325882004252 0.0280064376935185 1.87574422337966 0.478519803342273 -0.0488519694726701 0.87671676320686 68.8629347837124
0.873501928040262 -0.032056711764758 -0.485764087742987 -19.7874155363148 0.0518774529825581 0.998277296206995 0.0274074761642673 1.89674091856533 0.484048666542929 -0.049140686894707 0.873660163512981 69.8958828975475
0.870713132978626 -0.0330091319982866 -0.490682216167721 -20.3749451214383 0.0533205682279979 0.99819963957279 0.0274662804288256 1.91383598177792 0.48889217324722 -0.0500787056688885 0.870905601185421 70.9009135187111
0.868206652046781 -0.0339346900197165 -0.495041055019667 -20.974117221483 0.0545487495515588 0.998139305315802 0.0272463044475665 1.9272050337943 0.493195339864521 -0.0506592932930763 0.868442279451528 71.9546656074527
0.865513831194461 -0.0370906253129906 -0.499509853281172 -21.5800618218831 0.0576659804830626 0.9980021489974 0.0258136648211432 1.94914187528246 0.497554462050149 -0.0511468093869269 0.865923530794448 72.9939938129138
0.862689706944926 -0.041664026242141 -0.504014462539094 -22.1884205837772 0.0611764497656507 0.997879546357256 0.0222228026114765 1.96550774028696 0.502019831804829 -0.050005198521074 0.863409270621713 74.0274861862516
0.859300596782083 -0.046608187436251 -0.509342871977082 -22.8062237041085 0.0661433711089311 0.997603575589448 0.0203017346425169 1.98219789750516 0.507176043231836 -0.0511349472968952 0.860324170494263 75.0727543031394
0.854879179740432 -0.0513213885911733 -0.516282580685616 -23.4139827147727 0.0716889539926419 0.997234945977484 0.0195743811326165 1.98785070219128 0.513850447038597 -0.0537454890605513 0.856194569291277 76.0854751932621
0.848746876045742 -0.0566628492689091 -0.525754754534205 -24.050701868705 0.0778835785550549 0.996794459403664 0.0183017456439693 2.0007265041784 0.523032397270047 -0.0564812111669611 0.850439288950752 77.1307293658851
0.842484163989159 -0.0586762273747208 -0.535516137729348 -24.703447340843 0.0813910095213984 0.996503800184902 0.0188594747046647 2.01091527694138 0.532537263481698 -0.059475007844626 0.844314388391733 78.1640383633693
0.836376405979584 -0.0580186762931861 -0.545076454015269 -25.3799537010278 0.0824947852188025 0.996380102644658 0.020525629479373 2.02408901165922 0.541912463348442 -0.0621331172162427 0.838135047478994 79.1982160848639
0.8305376713607 -0.057507761084985 -0.553985589944124 -26.0522091221758 0.0824829453597495 0.996387199800468 0.0202265122688946 2.02380439436108 0.550820969259094 -0.0624932435450061 0.832280514211223 80.1910428068168
0.823448544647975 -0.0585963831134932 -0.564357119387316 -26.7554313396798 0.0826626458101323 0.996429932944176 0.0171544664893489 2.0406979188558 0.561337136937154 -0.060777073135207 0.825352510189626 81.2267616101803
0.816381901998673 -0.0603767561965656 -0.574347662483456 -27.4579701439921 0.0837990956900131 0.996379037761282 0.0143709662666867 2.04351996783537 0.571400298959115 -0.0598620115021429 0.818485331529131 82.2255449289724
0.809972716274072 -0.0621176973526855 -0.583168578172043 -28.1824776649999 0.0853335587935202 0.996275269997198 0.0124004086885773 2.04551801632928 0.580226147838267 -0.0598078428603732 0.812256510775478 83.1992361046136
0.802031286427023 -0.0638778341376396 -0.593856411852309 -28.9169233950535 0.0886814514819706 0.995979878944628 0.0126364908299004 2.05161448279971 0.59066184552184 -0.0627989095711659 0.804471802614241 84.2263635863818
0.794508892972934 -0.0647416308795519 -0.603791470805922 -29.6828157821064 0.0908821622857487 0.995779181019955 0.0128162094823425 2.05171624237207 0.600413234002374 -0.0650564668444599 0.797039274161899 85.2442047471783
0.787028499182565 -0.0655993497522327 -0.613418997738514 -30.4783926550146 0.091946254290036 0.995697696619176 0.0114883971597106 2.05380860135391 0.61002625172731 -0.0654432751270247 0.789674078303307 86.2507117480735
0.780295229701653 -0.0660614124314064 -0.621912569653012 -31.235730611761 0.0919551025452174 0.995716825700345 0.00960531796070797 2.04610318870112 0.618614268846705 -0.0646830179011105 0.783027773182063 87.1749773160339
0.772482583214086 -0.0663985719642193 -0.631555134783975 -32.0494502553971 0.0915630016453745 0.995772497417719 0.00730411638510632 2.04538134889411 0.628400250923392 -0.063469386538633 0.775296563652792 88.1730252727414
0.765100034200115 -0.0672429239201675 -0.640390761058941 -32.8590435403246 0.0915363272470985 0.99579016356902 0.00480113874987987 2.03812343695721 0.637371978095284 -0.0622923696920423 0.768034258491804 89.1397710979755
0.758283438304918 -0.06697380891503 -0.648475702021198 -33.6784243383412 0.091376477082276 0.99580837072765 0.00400352654223721 2.02754285562009 0.645489400864572 -0.0622912329959454 0.761224825963618 90.0835456737111
0.751546910919929 -0.0650982608520141 -0.656459790939823 -34.5266740711688 0.0909784218969253 0.995838203896304 0.00540355528597273 2.02123210195181 0.653375977088122 -0.0637847011016484 0.754341662954868 91.0591655604411
0.745395660168045 -0.0643962466828384 -0.663504659528332 -35.3681110488389 0.092334467702225 0.995702785211274 0.00709292581796804 2.0099772986001 0.660196679692341 -0.0665513856781018 0.748138528073199 92.0019853843454
0.739633409996115 -0.0647684221076535 -0.66988616220609 -36.2314841827674 0.0928222057744913 0.995663269629309 0.00622025933807644 2.0019537536764 0.666578170159117 -0.0667810228190596 0.742437767128372 92.9435185925567
0.733891103332383 -0.0677715591505136 -0.675877847114318 -37.1024118529385 0.0949304013265347 0.995478573617111 0.0032601185906051 1.99545377008267 0.672600971864865 -0.0665539273037301 0.737006450044292 93.8917196211504
0.728402252867905 -0.0716039701278632 -0.6813978496289 -37.9722935449487 0.0980025618565852 0.995186145237217 0.000184925485166288 1.9835957834307 0.678104457946198 -0.0669134350472082 0.731913202725348 94.827425803217
0.723583305112437 -0.0740151215157968 -0.686257212967241 -38.8508872785691 0.0991674663211742 0.995066930396427 -0.00276000994022547 1.96265153501641 0.68307614084083 -0.0660572919399002 0.727353710374509 95.7458567719468
0.719390029082827 -0.0779147413718692 -0.690222630122459 -39.7396837274417 0.101657493742114 0.9947992356724 -0.00634308061435936 1.9475608184694 0.687127164375185 -0.0656031537547003 0.723569268415371 96.6723087177612
0.715428896233599 -0.0797004658079792 -0.694124866420996 -40.6193963461442 0.104434994564328 0.994510139849165 -0.00655085090217761 1.92585561489592 0.69083632384547 -0.0678042586213058 0.719824809358841 97.5953374413378
0.712225563757634 -0.0786134495254384 -0.697534710164184 -41.5070593391829 0.106798156222555 0.994276167795025 -0.00300931591909041 1.89270287883231 0.69377871123117 -0.0723521092197704 0.716544675602204 98.4849331884642
0.709422339025688 -0.077897370478401 -0.700465519896499 -42.408790014852 0.109360862589638 0.994002089581453 0.000218268998878543 1.87618797281565 0.696247187875809 -0.0767583583739016 0.713686211016278 99.4070939962493
0.706711008526724 -0.0780353805574582 -0.703185629694175 -43.3076103664625 0.110988722779371 0.99382087112038 0.00125679804785456 1.8566204587154 0.69874248034805 -0.0789338679324781 0.711005197344066 100.309589409044
0.704293218506239 -0.0787424751795023 -0.705528656376712 -44.1909553081863 0.112886318431276 0.993606289728919 0.00179446988391479 1.8407232681443 0.7008764095596 -0.0809083655361868 0.708679119848403 101.199793594001
0.702337931349973 -0.0794514188857148 -0.707395859631711 -45.0730957029775 0.115796309593227 0.993267130234293 0.00340920529174018 1.81975672193727 0.702362189238309 -0.0843082441590287 0.706809362625589 102.062349105787
0.700567387317996 -0.0793709112777318 -0.7091583703725 -45.9614837569994 0.117505576606366 0.993059954907481 0.0049361346777135 1.80402055313642 0.703844993796818 -0.086788158190467 0.705031942755124 102.945200872539
0.698764310564754 -0.0811614680153115 -0.710732899471077 -46.8401689107961 0.120025442150633 0.992759987042573 0.00463695630500916 1.79001154288876 0.705210841888799 -0.0885461700856058 0.70344668898621 103.813405765264
0.696861392000428 -0.0823680455050284 -0.712460318487218 -47.7361924766496 0.1224842037388 0.992457544794595 0.00506375500560488 1.77870570187236 0.706669526846671 -0.0907938701673539 0.701694130634093 104.694718104699
0.695028112659161 -0.0824116535264367 -0.714243825298114 -48.6059832567775 0.125437382045707 0.992072472130695 0.00759428903920844 1.75890282154628 0.707955779550505 -0.0948711199656162 0.699855759994519 105.535748757251
0.693526178670832 -0.0821576399659477 -0.715731487146862 -49.4669156370044 0.126579605527412 0.991917489113554 0.00879194262872721 1.75205674528932 0.709224254353134 -0.0966944516809918 0.698320227439643 106.366795526999
0.692090918221121 -0.0858098307233968 -0.716691589086315 -50.3525317063139 0.13067570276157 0.991396875001145 0.00748978943193097 1.76146699002663 0.709883104196469 -0.0988377923123885 0.697350033474723 107.217172425009
0.691292464074148 -0.0862946888509971 -0.717403621255429 -51.1751106892494 0.130898580120861 0.991371859222672 0.00688465421969681 1.73273416181638 0.710619652723337 -0.0986664249757319 0.696623747618377 108.014093669558
0.690730725695408 -0.087385745565292 -0.717812507589756 -52.0428977352896 0.131506134712866 0.991298006463923 0.00586505869828701 1.71361271473298 0.71105358526146 -0.0984479245725925 0.69621175301353 108.852930947043
0.691242756489501 -0.0870560778214205 -0.717359526956426 -52.8769740723974 0.12955421815204 0.991562104454838 0.00450528224498317 1.70586905076452 0.710914309997914 -0.0960511963665424 0.696688604411429 109.654978349426
0.693379505113881 -0.0857432657644124 -0.71545297138532 -53.719844550361 0.12695663755001 0.9918995203051 0.00416578930193571 1.68626854003096 0.709300270738723 -0.0937199764968288 0.698648475225853 110.459698773118
0.696674692535582 -0.0847654893447384 -0.712361695065505 -54.5421266813158 0.124452615932685 0.992218854443886 0.00364571989781341 1.66716671640896 0.706509673796448 -0.0911951572300237 0.701803052237469 111.267391424729
0.700549425027026 -0.0851635389889561 -0.708503828303828 -55.3336938845352 0.124122328327385 0.992260901174577 0.00345711018136827 1.64566516370283 0.702726227420673 -0.0903630213477494 0.705698500542558 112.045670755894
0.705158192037098 -0.0849481791055139 -0.703942988508039 -56.1081880991909 0.122889928989209 0.992414677533147 0.00334262917591982 1.63641646744336 0.698319403680006 -0.0888645862165463 0.710248615458392 112.821416514654
0.710655116968334 -0.0835139593960512 -0.698566191074774 -56.9014322762371 0.121422387015934 0.992589035359795 0.00485909609532785 1.62493518671099 0.69298333937987 -0.0882747159129138 0.715528941324122 113.625430904348
0.716993973615836 -0.0815848725921716 -0.69228863226453 -57.708818070671 0.119760256215858 0.992777900572921 0.00703712761967197 1.60660139918242 0.686714731769813 -0.0879542420701966 0.721586397094742 114.449888520619
0.723608547276359 -0.0814589432375924 -0.685386833018561 -58.467688479652 0.119327016980075 0.992822908533592 0.0079834397058016 1.60368525627712 0.679817426466279 -0.0875620514693088 0.728135395249573 115.249543444016
0.730873621842353 -0.0806257956939337 -0.677733893179145 -59.2236546558482 0.117994172460321 0.992972424471808 0.0091180866404728 1.59531618395825 0.672235914066219 -0.0866328188811799 0.735250726305154 116.063429979032
0.738464337282843 -0.0806040841688678 -0.669457544715652 -59.9738386358743 0.116376331292186 0.99316626673488 0.00879295939224117 1.58716860826817 0.664173901983797 -0.0844022999402283 0.742798276578788 116.887612715383
0.746685373578343 -0.0800503542620748 -0.660343012128308 -60.7159029333372 0.113205703344219 0.99354277073383 0.00756514724810982 1.57468674755142 0.655473433187426 -0.0804033799355555 0.750926011588644 117.711178352347
0.755193154652678 -0.0809426913365927 -0.650485649253637 -61.4217539139557 0.111835635416004 0.993707461671253 0.00618637777496081 1.57461017862221 0.645891701306678 -0.0774193860610184 0.759493350099328 118.530666297538
0.764435590463061 -0.0785363546622744 -0.639898639652995 -62.1322149653409 0.108863631740785 0.994024084947523 0.00805159788155346 1.56808210940047 0.635442316593409 -0.0758166178393696 0.768417141103581 119.37413657506
0.774204750701237 -0.0747627679913403 -0.628504202463204 -62.8267715855661 0.105509648321016 0.994349592813492 0.0116876594243271 1.55577573309916 0.624079096030953 -0.0753618988210652 0.777718371972318 120.210784701105
0.783312535467637 -0.0737595425104947 -0.617236584842397 -63.5021583463436 0.105232771502806 0.994338608212134 0.0147239947227378 1.55801197185749 0.612656131595123 -0.076487006134372 0.786639817395166 121.071263683928
0.79184089947909 -0.0735104027260273 -0.60628723440561 -64.1591068800875 0.104756258037765 0.994365103846885 0.0162532044070759 1.5582874380307 0.601676089199223 -0.0763823339695135 0.795079632957164 121.928689358468
0.800170829374263 -0.0736818917432436 -0.595229050574349 -64.8113665772058 0.104009406453121 0.99443572941388 0.0167219446941099 1.56042442795865 0.590684930557546 -0.0752898326085294 0.803382072191063 122.797924601478
0.807810905787498 -0.0732860016946231 -0.584868106880857 -65.4284986383233 0.102340691411681 0.994608821855844 0.016723467580301 1.55512278242112 0.580489382652397 -0.0733652059367784 0.810955993371831 123.640083635124
0.81563880698995 -0.0757865525195824 -0.573576267805082 -66.039911239746 0.104199218405329 0.994414849770464 0.0167818187245804 1.5614051730037 0.56910092199515 -0.0734541014047739 0.818980241258046 124.509760050812
0.823284451181733 -0.0753477690563412 -0.562605924373913 -66.6409067821321 0.103387228148632 0.994476404809866 0.018104179964489 1.56400184739162 0.558134207425182 -0.0730711569271776 0.826526958136991 125.377796942479
0.830571465706984 -0.0722519379815105 -0.552205304041231 -67.2165664580393 0.100705012315671 0.994687808710821 0.0213228444764245 1.56128664077276 0.547731266998565 -0.073319988134077 0.833435443506073 126.240196423928
0.837396346028524 -0.0706442786337825 -0.542011757763971 -67.7780894405437 0.10053133408213 0.994602296415465 0.025685070230592 1.57329534548107 0.53727163569813 -0.0759977490547959 0.839978292346213 127.098317079341
0.844399715978247 -0.0681150710026064 -0.531365652595428 -68.3225630922924 0.097718810085484 0.994826810292838 0.027760613791033 1.57922959478403 0.52672588109123 -0.075365473692452 0.846687599746081 127.951453887572
0.85120582140819 -0.0666809437624598 -0.52057881376383 -68.8424749416436 0.0946785969891046 0.99513229214572 0.0273438183321212 1.58616074690958 0.516221476570845 -0.0725628890532413 0.853375658347052 128.805431112159
0.857750008558084 -0.0652217385887976 -0.509912784340677 -69.3691299817002 0.0917130989348484 0.995420627421459 0.0269533298060888 1.59932864168577 0.505819760687909 -0.0698849005102221 0.859803739453547 129.671310788209
0.863923119881674 -0.0646918616772352 -0.499451505120015 -69.8771822066308 0.0907638293373262 0.995477104435475 0.0280581864842893 1.61255875125684 0.495377401803856 -0.0695722471787128 0.865887366927457 130.540070269214
0.86994271111249 -0.0629946286703255 -0.489112825573955 -70.3698822694107 0.0895166474410031 0.995502738515062 0.0310010877218064 1.62757803719083 0.484960255292301 -0.070752910665921 0.87166941922906 131.415598493122
0.875373298861806 -0.0617960183156066 -0.479481845078764 -70.8266567493187 0.0890260558658465 0.995440647646573 0.0342385512243489 1.63372524120609 0.475179912261419 -0.0726578910601484 0.876883619330366 132.261535644429
0.880632305138298 -0.0613757394267049 -0.469808218059916 -71.2798097848844 0.088447575771482 0.995439208486362 0.0357464480500176 1.65511678791913 0.465471556045003 -0.0730328749117127 0.882044460157862 133.102021593042
0.885603404637635 -0.0600787853978931 -0.460540062577995 -71.7228517951253 0.086425642645749 0.995596208376946 0.0363152606863684 1.67408011928195 0.456330163354888 -0.0719633893765678 0.886895739420332 133.953292121972
0.890335558747704 -0.0592072489669808 -0.451438915579036 -72.1629702711927 0.0852129239670944 0.995657741199962 0.0374755917573942 1.69303659359956 0.447259824283818 -0.0718342819157443 0.891514714137269 134.811487992882
0.89478886855332 -0.0568901163395588 -0.442850308090601 -72.5290129886164 0.0835688061973561 0.995660400419733 0.0409465708792144 1.70766796293956 0.438599059898466 -0.0736470073994135 0.895660082261844 135.573802583156
0.899395890946169 -0.0548257833789924 -0.433683254029974 -72.9872518741605 0.0821068798636223 0.9956335394824 0.0444107569943199 1.73509187863851 0.42935473868144 -0.0755512311920041 0.899970288307989 136.489773380258
0.903898342224518 -0.0532355556567793 -0.424421680098558 -73.3795016324735 0.0802705385628494 0.995708299297369 0.0460610828050228 1.75774089071003 0.420148101938589 -0.0757030932277869 0.904292327797348 137.317418056574
0.908496586618904 -0.0521409671320109 -0.414626665385064 -73.7590655860339 0.0786516973838551 0.995788368488605 0.047110887079758 1.7831664587862 0.410424003440878 -0.0754111711176918 0.908771309334873 138.142384116234
0.913315749886592 -0.0481992581804464 -0.404389876876198 -74.115666399646 0.0743008964511231 0.996026768337463 0.0490922961551981 1.80269277592652 0.400416929956329 -0.0748832976443003 0.913268182922335 138.950537722688
0.918787791108751 -0.046439601894053 -0.392010660933378 -74.4924986212903 0.0728315962274623 0.995950087129855 0.0527160557799439 1.83832346478747 0.387974939268585 -0.0769856306199807 0.918449050942719 139.788088343641
0.924290875955653 -0.0430438059274947 -0.379254014344487 -74.8269737058435 0.0697443879472209 0.995938470972482 0.056941043078444 1.86871286763541 0.375262703948847 -0.0790809256917864 0.923538905632421 140.600737169031
0.930087972536908 -0.040782142181141 -0.365065994337052 -75.1556396045029 0.0667075720828489 0.996045402943905 0.0586826644003639 1.90358742981777 0.361229100667423 -0.0789327064874341 0.929130327068046 141.411592773781
0.935635984708019 -0.0392797805053856 -0.350774005540468 -75.4616107422018 0.063838661333304 0.996231097346906 0.0587215973739688 1.93940142188201 0.347145401004575 -0.0773349825268455 0.934617232367853 142.229232946752
0.940842996606398 -0.0397477565125074 -0.336503449594378 -75.7351292130465 0.0627318955995524 0.996360829277253 0.0577044812508655 1.96478325972875 0.332985232422071 -0.0754003563265258 0.939912560430305 143.004222721481
0.946200825886135 -0.0388060235083113 -0.321244594712299 -76.020695045984 0.0609095849758608 0.996395605445612 0.0590408325376706 2.01100788053795 0.317795562509084 -0.0754313594478137 0.945154003568408 143.817808208499
0.951466012247773 -0.0374785128951544 -0.305463236099679 -76.2848793796664 0.0590045434853277 0.996358904494944 0.0615418335908513 2.04852157179348 0.30204451887993 -0.0765786817907158 0.950213036171251 144.631357897023
0.956540743678233 -0.0358280680861748 -0.289389279726643 -76.5299684062493 0.0570866173711108 0.996227870000579 0.0653540293419869 2.08870889117448 0.285956157130104 -0.0790340469122094 0.954977850857318 145.432116426813
0.961214392244229 -0.0351185099889731 -0.273557274439399 -76.770119265751 0.0558874136731301 0.99608448022921 0.0685004032063498 2.13082578780051 0.270080523428637 -0.0811319819963648 0.959413420982766 146.254937654238
0.965336381313963 -0.0343409212633523 -0.258739969928203 -76.9751206160546 0.0547628184972871 0.99589019005391 0.0721371129490257 2.16831605075176 0.255199342910392 -0.0838059095838208 0.963249637890891 147.066595618988
0.968993351874188 -0.0339322313749627 -0.24474576134745 -77.1967975920446 0.053752192308398 0.995751723032938 0.0747610052030823 2.22143134858791 0.241169205840356 -0.0855985382518317 0.966700731562505 147.904326938348
0.972119091351378 -0.0349084648367797 -0.231874688814691 -77.3919130414653 0.0540825505914734 0.995574408203003 0.0768548986907223 2.27197516461362 0.228165619565462 -0.0872524888698299 0.969704827890595 148.728158728926
0.974920231758649 -0.0347829144934964 -0.219819677388083 -77.5778107603185 0.0530531403180015 0.995559176102682 0.0777643310274527 2.32601252787607 0.216138626834866 -0.0874761438169682 0.972436125538769 149.557898412362
0.977702513848157 -0.0336154735171601 -0.207286744282436 -77.756874328102 0.0508428819507996 0.99562867294656 0.0783488797725191 2.38097224346283 0.203746891436243 -0.0871409521802964 0.975137763950909 150.391490389088
0.980369941326991 -0.0316752308005481 -0.194605904063172 -77.9355982323864 0.0480124897059264 0.995652733383947 0.0798150069680653 2.43791604015763 0.19123174154609 -0.087591747663841 0.977628818502423 151.25722138804
0.982798997277718 -0.0307216422655982 -0.182105221359564 -78.0713589826479 0.0461096275778459 0.995656905827529 0.0808778592853716 2.48655729112195 0.178829620573728 -0.0878834829445023 0.979947172163377 152.047265847427
0.984747353836039 -0.0309659817804166 -0.171212607845607 -78.229989224557 0.0454332675510524 0.99565878970009 0.0812366462416215 2.54944418038905 0.167953765401533 -0.087776320641314 0.981879244215968 152.931065015919
0.986477736306873 -0.032015119014427 -0.160738010207169 -78.3680339979481 0.0454507000161398 0.995708272542735 0.0806180492073881 2.6090628939269 0.157467170035251 -0.0868335657706975 0.98369915229029 153.783264091625
0.987899550887897 -0.0322592608727649 -0.151703056803196 -78.4982540959872 0.0448715532138263 0.995747059680283 0.0804632639795919 2.66947241418721 0.148462187332901 -0.0862967741344578 0.985145596196987 154.643699733729
0.989021581886581 -0.0314845204391366 -0.144378099223124 -78.6284941136649 0.043590485475055 0.995722326735474 0.081467279422747 2.73112391615285 0.141195538663987 -0.086866409003783 0.986163296238597 155.516696927368
0.990059973292421 -0.0315209593002629 -0.137068152424263 -78.7618326420696 0.0434866392508604 0.995414577246739 0.085198190188299 2.79103985381931 0.133754108314008 -0.0903119511996459 0.986890870349725 156.409319864511
0.990977395157279 -0.027687904968615 -0.131138027306126 -78.8703419138073 0.0396711633377476 0.995181415409676 0.0896668791841429 2.85889669190781 0.12802343959886 -0.0940602484668357 0.987300698152105 157.284066584243
0.991979008734534 -0.0256118674921729 -0.123780767785688 -78.9904191158751 0.0372514218468751 0.995001287267392 0.0926540334071766 2.93007303822678 0.120788980459466 -0.0965218658118222 0.987974469113331 158.187563221756
0.992905517450397 -0.0233329153956141 -0.116594204297218 -79.101776320994 0.034542740008633 0.994871242108261 0.0950684529097909 3.00643424573861 0.113777996683262 -0.0984214747151569 0.988619128272176 159.098577699934
0.993771589197387 -0.0222713701532127 -0.109187978164259 -79.2131718640973 0.033002481769121 0.994689987890993 0.0974816094783799 3.0873765223463 0.106437139670225 -0.100477928227622 0.989229660512616 160.048434113692
0.994651600197408 -0.0221737193524911 -0.100878741044938 -79.2938485245072 0.0323601345603312 0.994411727842209 0.100489488112486 3.17690234289712 0.0980867774777622 -0.103216479788594 0.989810760895273 160.999761018794
0.995355670930289 -0.0226783757413149 -0.0935562911869147 -79.396875771978 0.0323041139322561 0.994188489663216 0.102692216083917 3.26289378674402 0.0906836951715514 -0.105237532729106 0.990303755993646 161.9692378948
0.996108183963784 -0.0231415508349746 -0.0850467781007858 -79.4855049382594 0.0319652995533472 0.994073789539389 0.103901494576663 3.3528278476873 0.0821383312761879 -0.106215674811922 0.990944763828646 162.945871438545
0.996823353425355 -0.0238111073119658 -0.0760015344213999 -79.5653372110867 0.0316876064995487 0.994054114467394 0.104174435946515 3.44599623813814 0.0730691293239419 -0.106251817297508 0.99165087286848 163.935247581173
0.997452419369616 -0.0262844531992725 -0.0663159001576112 -79.6303670821698 0.0331002195985665 0.994040159459813 0.103867881674926 3.54021473698167 0.0631905574926007 -0.105798340729546 0.992377783176674 164.929637675372
0.998108871591483 -0.0280521248704816 -0.054696971951168 -79.6955992197518 0.0335826068759765 0.994117700336878 0.102967016040729 3.64440547280057 0.0514867843799704 -0.104609159097897 0.993179759593922 166.011388027799
